0 865
866 4132
411 412 9578 9581 147 
478 480 11179 11180 1 
577 579 13292 13325 142 
708 710 16006 16007 1 
471 473 11025 11035 200 
353 357 7990 7991 1 
686 690 15526 15527 1 
511 516 11883 11885 106 
699 703 15882 15887 109 
6 9 172 173 108 
695 696 15681 15682 1 
796 798 18018 18019 130 
747 748 16901 16910 196 
464 470 10867 10868 1 
554 556 12789 12835 150 
773 775 17337 17338 1 
390 396 8993 8994 1 
834 837 19015 19016 1 
719 724 16231 16269 145 
275 279 6198 6225 179 
223 226 4958 4990 179 
290 297 6498 6541 179 
520 526 12023 12055 137 
280 282 6227 6228 1 
307 313 6889 6890 1 
237 240 5268 5298 141 
124 130 2787 2788 1 
80 85 1945 1965 185 
592 599 13562 13563 1 
777 780 17586 17593 164 
456 461 10698 10699 1 
6 10 155 183 112 
81 85 1922 1923 1 
825 829 18833 18846 169 
55 58 1307 1335 176 
146 150 3244 3245 1 
459 465 10757 10758 1 
690 693 15625 15653 118 
854 858 19604 19640 133 
62 65 1459 1486 127 
843 847 19248 19249 1 
607 610 13767 13780 187 
655 659 14854 14903 152 
94 101 2211 2241 111 
745 748 16925 16975 144 
71 74 1680 1681 1 
269 271 6045 6046 1 
818 823 18649 18658 107 
502 507 11669 11711 187 
94 97 2186 2187 1 
132 134 2960 2967 141 
579 583 13370 13407 141 
452 454 10581 10623 104 
520 526 12041 12074 147 
850 853 19507 19539 107 
812 816 18493 18507 163 
34 42 894 895 1 
202 207 4518 4534 140 
816 819 18573 18574 1 
277 279 6200 6209 108 
170 174 3803 3804 1 
855 857 19567 19611 174 
641 644 14533 14576 131 
169 170 3770 3789 106 
810 813 18437 18441 107 
522 529 12119 12152 178 
305 307 6809 6854 150 
294 298 6570 6571 1 
835 839 19128 19156 101 
143 146 3191 3192 1 
840 841 19169 19205 177 
737 741 16715 16716 1 
380 384 8729 8742 144 
392 398 9097 9134 114 
444 446 10362 10389 155 
477 483 11193 11197 153 
617 618 13994 14035 108 
365 366 8355 8358 156 
471 476 11035 11082 103 
169 170 3745 3746 1 
634 638 14357 14358 1 
417 422 9711 9756 144 
55 58 1266 1267 1 
707 712 15976 15977 1 
850 854 19528 19567 154 
808 810 18344 18348 190 
542 545 12547 12553 172 
814 816 18467 18468 1 
139 143 3042 3043 1 
825 829 18794 18795 1 
292 296 6499 6500 1 
364 368 8369 8383 122 
384 387 8815 8853 191 
421 426 9801 9842 171 
395 397 9065 9066 1 
817 820 18567 18579 194 
456 460 10718 10735 186 
25 28 583 629 118 
543 544 12541 12557 191 
833 835 19023 19024 1 
178 184 4015 4018 157 
621 625 14128 14169 112 
418 422 9718 9747 157 
405 406 9397 9404 107 
400 401 9252 9254 100 
629 632 14274 14275 1 
122 126 2776 2782 149 
233 236 5182 5222 164 
333 337 7429 7430 1 
568 571 13094 13101 110 
37 41 886 926 199 
698 700 15799 15824 185 
722 728 16310 16311 1 
742 744 16835 16863 149 
72 78 1775 1792 105 
542 544 12533 12549 167 
391 395 8982 9006 130 
855 856 19562 19568 179 
304 306 6833 6848 142 
443 445 10346 10364 194 
453 455 10627 10628 1 
133 136 2936 2937 1 
850 852 19524 19526 184 
672 674 15177 15219 131 
382 385 8820 8869 137 
186 193 4161 4162 1 
405 407 9399 9443 159 
124 129 2788 2789 1 
560 563 12892 12893 1 
322 329 7202 7246 118 
110 111 2522 2526 101 
134 137 3030 3031 1 
410 413 9590 9609 196 
667 672 15109 15147 102 
474 478 11079 11080 1 
699 705 15874 15903 135 
0 1 4 19 110 
478 483 11200 11226 192 
807 809 18283 18304 109 
347 349 7861 7908 147 
249 252 5575 5583 138 
649 652 14661 14662 1 
821 825 18747 18757 198 
721 724 16221 16249 107 
188 192 4173 4181 149 
100 103 2266 2269 150 
657 659 14877 14905 167 
808 810 18305 18306 1 
648 651 14646 14647 1 
711 715 16107 16109 179 
248 249 5483 5526 152 
365 367 8339 8377 125 
52 54 1185 1210 190 
778 781 17579 17605 159 
578 580 13247 13254 186 
321 324 7139 7158 104 
433 435 10012 10050 192 
74 76 1813 1860 192 
586 590 13404 13405 1 
223 226 4923 4924 1 
133 134 2934 2935 1 
365 369 8366 8384 150 
772 776 17384 17412 146 
799 805 18090 18105 122 
95 100 2192 2229 115 
802 806 18217 18225 144 
409 411 9478 9525 200 
460 466 10781 10817 140 
105 106 2346 2347 1 
170 173 3831 3864 177 
561 565 12967 12970 103 
94 101 2220 2249 123 
673 675 15180 15223 178 
569 571 13063 13064 1 
745 751 16909 16910 1 
840 845 19188 19217 174 
446 449 10421 10430 150 
61 64 1433 1466 119 
58 61 1384 1396 175 
830 834 18939 18940 1 
49 52 1118 1162 166 
477 480 11178 11179 1 
336 342 7555 7581 116 
352 355 7937 7960 156 
840 841 19173 19219 157 
360 363 8206 8244 188 
205 207 4526 4573 182 
332 338 7460 7498 121 
136 138 2998 2999 1 
640 646 14545 14588 169 
663 667 15001 15002 1 
278 281 6245 6268 113 
116 120 2683 2688 104 
171 174 3836 3849 197 
131 136 2963 2977 183 
820 822 18636 18637 1 
428 433 9942 9969 109 
39 45 940 941 1 
849 851 19398 19399 1 
402 405 9306 9307 1 
381 382 8739 8772 146 
277 279 6182 6197 137 
689 695 15604 15613 108 
855 858 19549 19550 1 
402 405 9311 9312 1 
553 555 12766 12767 1 
638 641 14439 14449 117 
287 291 6442 6465 193 
505 509 11750 11793 152 
830 833 18936 18937 1 
61 66 1431 1448 102 
575 579 13278 13328 174 
721 722 16230 16232 136 
629 633 14293 14308 107 
834 836 19028 19052 138 
499 503 11601 11651 114 
152 153 3480 3508 114 
244 247 5384 5385 1 
499 503 11568 11569 1 
724 726 16341 16384 131 
38 39 860 861 1 
495 498 11476 11477 1 
420 421 9716 9763 168 
851 855 19450 19451 1 
436 437 10090 10111 150 
265 266 5969 5970 1 
193 196 4263 4310 135 
57 60 1346 1363 190 
738 741 16770 16771 180 
127 132 2859 2879 165 
652 657 14794 14831 113 
445 449 10414 10459 197 
151 154 3480 3493 172 
688 690 15556 15557 147 
59 61 1351 1352 1 
529 533 12187 12218 137 
94 101 2213 2220 199 
829 830 18882 18896 113 
554 559 12787 12825 180 
232 233 5098 5107 150 
116 118 2671 2715 197 
815 818 18585 18602 197 
577 580 13248 13249 1 
810 813 18424 18473 146 
793 797 17953 17956 129 
578 581 13234 13235 1 
424 429 9884 9894 169 
604 611 13744 13770 196 
681 685 15385 15423 149 
830 834 18958 19000 192 
338 341 7545 7575 167 
790 794 17841 17842 1 
5 11 164 169 125 
334 338 7440 7441 1 
379 380 8663 8697 183 
252 257 5675 5713 167 
833 836 19056 19076 192 
454 458 10660 10661 175 
759 761 17146 17147 1 
738 739 16741 16742 1 
448 450 10512 10515 136 
834 836 19005 19006 1 
312 316 6969 6970 190 
177 178 3980 3995 160 
33 36 813 817 155 
690 695 15642 15660 126 
666 668 14992 14993 1 
233 236 5157 5158 1 
122 124 2747 2778 176 
510 511 11819 11860 179 
483 488 11257 11304 173 
40 43 994 1042 131 
860 861 19759 19762 1 
200 203 4442 4465 129 
767 774 17321 17367 178 
190 197 4299 4317 196 
89 94 2160 2164 125 
577 581 13281 13287 104 
403 404 9296 9297 1 
249 252 5550 5551 1 
265 266 5964 5965 1 
560 565 12917 12934 166 
697 699 15732 15733 1 
233 237 5186 5221 164 
662 666 14924 14937 103 
727 730 16396 16397 1 
571 575 13161 13162 1 
488 493 11342 11343 1 
184 186 4125 4150 183 
615 617 13900 13901 1 
410 414 9579 9583 154 
47 51 1148 1166 177 
437 442 10199 10201 163 
328 330 7289 7321 182 
371 374 8508 8520 159 
403 405 9318 9359 158 
27 30 613 658 150 
337 341 7554 7587 164 
346 347 7759 7760 1 
665 669 15025 15050 119 
35 40 896 919 179 
765 766 17224 17229 150 
152 156 3454 3486 150 
664 667 15016 15050 132 
63 67 1554 1594 114 
343 346 7714 7752 157 
78 80 1840 1841 1 
724 726 16318 16358 124 
544 550 12604 12650 128 
724 729 16314 16361 115 
815 820 18549 18550 1 
650 655 14757 14758 1 
62 63 1468 1504 175 
198 201 4462 4498 156 
35 39 905 922 186 
248 251 5491 5540 104 
520 526 12029 12039 194 
425 428 9848 9849 1 
365 367 8330 8331 1 
520 522 12028 12042 110 
348 352 7871 7901 140 
681 684 15352 15353 1 
328 330 7267 7268 1 
57 62 1342 1385 146 
500 502 11554 11596 102 
821 825 18745 18783 131 
512 517 11910 11919 121 
507 508 11753 11757 137 
151 154 3464 3496 174 
435 438 10079 10080 1 
365 367 8339 8374 110 
411 412 9564 9602 146 
195 199 4346 4351 149 
344 345 7689 7690 1 
782 787 17679 17680 1 
338 342 7510 7511 1 
387 391 8909 8932 102 
554 557 12784 12825 146 
820 822 18673 18722 139 
745 751 16934 16965 144 
808 811 18328 18340 164 
708 711 16018 16063 121 
598 601 13620 13631 144 
498 503 11578 11620 114 
71 73 1703 1741 187 
405 407 9414 9454 152 
447 451 10487 10488 1 
213 216 4697 4709 162 
81 83 1953 1958 186 
595 598 13530 13571 189 
753 758 17039 17042 145 
3 4 98 125 189 
840 843 19157 19158 1 
489 496 11409 11433 164 
40 45 961 962 1 
142 147 3199 3214 188 
719 723 16225 16266 162 
119 126 2746 2749 113 
216 217 4766 4781 187 
662 664 14921 14939 103 
124 128 2819 2838 157 
79 80 1831 1832 1 
641 645 14519 14524 122 
58 60 1359 1372 148 
323 329 7186 7187 1 
759 761 17165 17193 196 
854 856 19576 19577 1 
225 229 5032 5047 197 
542 546 12536 12562 161 
198 203 4449 4492 147 
383 386 8850 8870 141 
432 435 10041 10049 128 
359 362 8140 8141 1 
169 171 3763 3813 200 
301 304 6718 6719 1 
630 632 14263 14264 1 
154 159 3548 3567 135 
622 628 14133 14175 177 
310 311 6882 6930 123 
571 575 13168 13172 198 
70 73 1699 1700 1 
411 416 9573 9580 138 
265 268 5984 5997 155 
214 218 4784 4832 189 
647 653 14674 14675 1 
852 859 19596 19615 160 
560 563 12936 12957 131 
724 726 16313 16343 113 
712 716 16094 16120 149 
260 263 5837 5877 143 
544 551 12594 12596 118 
226 230 5031 5032 155 
620 621 14046 14088 156 
582 586 13333 13381 188 
116 118 2654 2669 151 
761 767 17228 17249 136 
386 391 8878 8879 1 
557 560 12849 12850 1 
218 224 4872 4921 106 
166 169 3700 3731 190 
187 193 4174 4179 152 
826 832 18913 18944 200 
674 677 15240 15262 172 
411 414 9554 9583 126 
807 809 18280 18288 196 
262 264 5919 5936 133 
411 415 9558 9564 129 
391 392 8969 9002 198 
197 198 4339 4363 107 
504 509 11722 11723 1 
19 24 372 408 101 
156 161 3503 3504 1 
402 405 9322 9369 155 
849 850 19423 19451 146 
700 706 15880 15893 186 
699 706 15890 15922 196 
465 470 10881 10923 100 
122 124 2752 2757 120 
312 315 6997 7019 100 
130 133 2894 2895 1 
611 613 13830 13871 118 
95 101 2211 2257 184 
714 721 16119 16120 1 
52 55 1175 1176 1 
428 431 9946 9982 149 
823 824 18729 18762 182 
684 687 15466 15513 154 
482 485 11291 11299 197 
120 123 2737 2750 136 
627 629 14229 14267 133 
421 427 9792 9806 120 
847 848 19364 19376 110 
820 821 18655 18661 144 
88 93 2070 2081 146 
405 409 9375 9376 1 
357 359 8118 8126 130 
502 507 11645 11659 131 
754 759 17082 17083 1 
534 537 12261 12292 153 
237 240 5258 5261 115 
248 250 5465 5466 1 
560 565 12896 12897 1 
605 612 13774 13780 104 
237 238 5262 5278 198 
304 306 6846 6885 187 
824 828 18809 18852 147 
100 103 2286 2297 170 
463 466 10806 10815 102 
245 248 5428 5439 121 
477 480 11209 11239 198 
599 601 13600 13601 1 
410 416 9571 9584 158 
843 846 19244 19245 1 
356 358 8053 8054 1 
535 540 12343 12344 1 
428 431 9924 9925 1 
352 353 7947 7983 191 
116 121 2676 2720 107 
171 173 3837 3865 188 
750 753 16984 16997 180 
162 165 3614 3661 131 
307 311 6898 6912 173 
297 298 6576 6583 185 
676 682 15291 15292 1 
849 851 19396 19397 1 
828 830 18906 18919 195 
512 513 11889 11890 1 
546 552 12572 12573 1 
846 848 19323 19331 135 
745 749 16926 16975 156 
99 102 2291 2341 186 
118 126 2764 2799 154 
78 81 1869 1895 200 
503 504 11694 11713 164 
527 530 12192 12206 161 
268 271 6019 6020 1 
651 657 14777 14790 163 
94 101 2215 2233 196 
710 715 16071 16079 196 
136 141 3032 3078 165 
70 73 1734 1736 162 
566 567 13022 13063 107 
146 150 3278 3318 177 
672 675 15197 15199 124 
402 404 9329 9331 176 
69 71 1633 1660 100 
495 497 11507 11517 126 
95 99 2183 2184 1 
79 80 1855 1899 194 
419 422 9673 9709 104 
712 714 16095 16101 184 
810 813 18400 18401 1 
142 144 3192 3202 186 
191 197 4278 4300 121 
554 555 12777 12806 196 
346 347 7797 7840 112 
11 14 227 228 1 
42 44 1001 1008 142 
624 630 14236 14237 180 
214 221 4783 4791 186 
68 70 1625 1659 121 
733 736 16555 16559 126 
25 28 581 599 135 
709 713 16016 16017 1 
582 583 13347 13365 127 
411 416 9550 9558 121 
236 238 5256 5266 196 
523 529 12119 12120 1 
416 418 9597 9598 1 
662 664 14910 14937 155 
706 709 15928 15929 1 
450 453 10544 10545 1 
265 270 5981 6022 174 
108 112 2535 2582 144 
664 669 14993 15029 143 
457 462 10704 10736 113 
318 324 7121 7122 1 
837 839 19103 19104 1 
717 719 16168 16169 1 
529 530 12185 12201 164 
324 328 7206 7256 200 
647 650 14695 14709 169 
320 324 7129 7130 1 
623 627 14132 14155 168 
471 474 11025 11059 117 
131 135 2985 3002 114 
291 295 6507 6544 130 
760 762 17164 17165 1 
840 844 19154 19155 1 
128 131 2904 2939 153 
160 163 3599 3646 172 
186 191 4205 4233 178 
758 764 17135 17182 131 
548 552 12634 12637 110 
805 807 18114 18115 1 
48 50 1135 1148 158 
6 11 168 179 182 
129 132 2882 2883 1 
42 46 1000 1011 194 
316 318 7040 7065 158 
287 292 6431 6440 119 
154 162 3510 3511 1 
339 344 7605 7606 1 
511 513 11891 11919 184 
622 628 14120 14157 184 
42 46 983 991 139 
110 113 2490 2491 1 
117 122 2662 2701 142 
801 807 18175 18176 1 
604 611 13744 13774 141 
619 623 14034 14035 1 
109 113 2506 2546 124 
620 623 14030 14031 1 
797 799 18013 18022 133 
572 578 13169 13170 1 
439 443 10212 10213 1 
405 406 9405 9437 187 
219 223 4817 4833 156 
134 141 3054 3088 199 
24 26 470 471 1 
519 523 12044 12072 103 
588 594 13491 13509 168 
279 284 6249 6250 1 
16 20 309 340 168 
470 471 10955 10976 177 
353 356 7995 7996 1 
365 369 8353 8398 176 
547 550 12623 12650 129 
286 290 6398 6399 1 
66 68 1540 1570 179 
591 593 13500 13527 181 
697 701 15771 15814 192 
654 658 14856 14863 128 
20 22 361 362 190 
257 261 5754 5764 148 
729 730 16385 16386 1 
786 790 17784 17824 104 
705 709 15945 15946 1 
767 770 17335 17380 177 
315 321 7024 7025 1 
264 268 5959 6006 180 
201 208 4531 4550 123 
735 737 16645 16646 1 
511 517 11909 11925 193 
649 653 14695 14726 106 
231 233 5091 5092 1 
143 144 3211 3212 121 
516 518 12000 12026 196 
799 805 18048 18049 1 
253 256 5642 5643 1 
742 745 16829 16857 145 
602 605 13646 13647 1 
659 665 14910 14911 1 
32 35 766 767 1 
484 491 11342 11363 184 
368 372 8423 8452 181 
356 360 8051 8052 1 
314 319 7067 7097 125 
219 223 4832 4875 130 
98 104 2270 2310 132 
542 547 12511 12512 1 
368 370 8403 8404 1 
224 225 4948 4969 159 
494 497 11515 11552 122 
179 182 4041 4060 123 
807 808 18266 18274 184 
365 368 8350 8383 102 
468 471 10973 10986 125 
667 673 15084 15085 1 
777 781 17580 17583 177 
52 53 1207 1247 183 
189 197 4274 4316 140 
838 841 19197 19198 1 
631 633 14269 14270 1 
265 269 5991 6010 119 
472 476 11011 11012 1 
330 333 7382 7386 102 
573 575 13173 13185 181 
778 779 17586 17620 100 
674 679 15226 15227 1 
494 501 11512 11542 114 
527 534 12190 12223 130 
458 459 10708 10709 1 
137 143 3128 3129 1 
188 192 4188 4190 146 
726 731 16391 16392 1 
279 282 6263 6296 144 
423 430 9881 9894 182 
3 5 78 109 197 
556 562 12874 12893 175 
690 693 15637 15682 103 
530 538 12256 12276 186 
818 821 18671 18693 143 
835 839 19148 19184 196 
159 164 3625 3637 124 
178 183 4008 4009 1 
676 682 15288 15289 1 
95 98 2188 2226 187 
176 178 3960 3961 1 
396 397 9115 9152 126 
348 351 7858 7881 118 
782 787 17717 17758 100 
423 429 9840 9841 1 
624 631 14230 14259 126 
331 335 7361 7394 110 
588 593 13468 13469 1 
265 268 5981 6004 172 
102 106 2351 2352 1 
219 223 4813 4862 107 
573 576 13176 13197 117 
660 664 14919 14942 161 
577 582 13275 13313 192 
120 125 2704 2705 1 
731 734 16478 16479 1 
239 246 5307 5308 1 
19 22 385 429 126 
810 812 18440 18447 124 
496 498 11489 11509 160 
81 83 1918 1919 1 
299 300 6686 6688 115 
225 230 5039 5065 146 
442 444 10246 10247 1 
134 140 3053 3072 174 
256 258 5758 5794 137 
794 797 17933 17965 152 
54 57 1270 1282 168 
12 17 331 350 146 
571 577 13187 13192 148 
533 536 12273 12319 100 
372 374 8476 8477 1 
765 768 17208 17219 127 
354 356 7993 7994 1 
565 568 12984 12985 1 
587 588 13435 13441 135 
485 492 11363 11382 141 
608 614 13851 13864 183 
315 318 7042 7081 176 
283 286 6336 6337 1 
307 313 6904 6919 123 
248 249 5480 5484 149 
633 638 14334 14335 1 
814 815 18502 18517 106 
554 558 12763 12810 199 
298 301 6649 6653 124 
92 96 2164 2186 140 
518 522 12056 12074 158 
336 342 7542 7559 156 
548 551 12612 12613 1 
185 190 4192 4238 193 
677 682 15298 15299 1 
10 14 224 225 1 
260 263 5834 5874 139 
557 561 12869 12894 150 
273 277 6109 6110 1 
800 804 18110 18156 119 
746 750 16901 16924 161 
809 811 18329 18330 1 
506 509 11779 11800 124 
79 81 1851 1897 101 
546 552 12604 12620 122 
164 168 3708 3750 118 
195 200 4320 4321 1 
762 769 17263 17277 137 
527 530 12181 12182 1 
33 38 804 853 175 
579 587 13374 13378 125 
418 421 9691 9692 1 
699 704 15876 15901 164 
674 677 15255 15262 170 
207 210 4622 4637 144 
848 850 19432 19453 180 
486 493 11368 11403 124 
369 370 8426 8459 104 
547 550 12630 12671 126 
574 581 13261 13271 108 
828 830 18905 18920 143 
61 65 1424 1432 175 
700 705 15853 15886 178 
37 41 856 857 1 
768 772 17318 17360 140 
286 293 6429 6458 181 
613 617 13902 13903 1 
0 2 30 49 199 
665 670 15014 15041 197 
846 849 19337 19362 192 
286 291 6421 6471 155 
178 181 4016 4022 177 
621 628 14127 14177 122 
510 512 11799 11828 127 
720 723 16251 16285 140 
739 745 16824 16825 1 
754 759 17117 17119 168 
118 125 2768 2777 167 
468 471 10970 10987 177 
84 87 2011 2042 145 
756 765 17104 17140 157 
373 375 8517 8557 123 
235 238 5264 5296 159 
316 320 7059 7085 118 
730 734 16516 16538 164 
839 843 19216 19237 197 
52 54 1204 1236 119 
513 519 11980 12018 134 
287 290 6434 6472 100 
248 250 5499 5510 102 
42 43 982 987 157 
806 808 18252 18253 1 
334 338 7440 7441 1 
444 446 10343 10386 167 
5 11 141 148 125 
755 760 17063 17065 126 
223 225 4947 4968 160 
475 478 11081 11082 1 
267 274 6044 6058 164 
62 64 1470 1512 121 
541 543 12448 12462 109 
661 665 14923 14955 174 
381 384 8735 8750 133 
150 152 3355 3356 1 
379 381 8635 8664 108 
413 420 9665 9667 113 
541 542 12461 12503 127 
15 18 320 370 196 
381 383 8708 8709 1 
193 194 4265 4308 186 
196 200 4373 4416 171 
390 394 9017 9030 189 
612 613 13861 13895 163 
789 794 17873 17912 127 
758 761 17118 17164 148 
748 753 16995 17013 161 
696 700 15787 15796 167 
100 104 2276 2303 121 
682 684 15380 15430 126 
635 637 14353 14378 194 
484 490 11303 11304 1 
658 664 14941 14969 186 
284 287 6340 6341 1 
816 819 18586 18592 133 
39 45 960 1010 164 
134 141 3030 3031 1 
483 485 11274 11284 147 
520 523 12027 12039 163 
548 549 12625 12664 113 
846 849 19333 19360 163 
172 176 3897 3910 122 
421 423 9770 9771 1 
770 775 17413 17454 123 
437 439 10195 10198 112 
685 687 15471 15483 198 
180 183 4042 4048 132 
852 856 19596 19621 167 
852 858 19595 19636 157 
658 665 14913 14914 1 
136 140 3043 3058 163 
751 755 16994 17036 106 
706 707 15962 15968 176 
710 714 16085 16110 163 
625 630 14183 14184 1 
75 78 1777 1778 1 
316 318 7066 7114 146 
818 822 18638 18639 1 
17 21 404 447 183 
33 35 831 860 180 
835 839 19121 19150 106 
519 525 12023 12024 1 
475 477 11104 11125 134 
765 766 17189 17190 1 
717 721 16163 16164 1 
561 566 12950 12977 143 
215 221 4745 4759 164 
296 298 6569 6570 1 
693 696 15707 15735 159 
592 596 13554 13555 1 
399 402 9232 9236 188 
589 594 13481 13489 183 
543 547 12547 12594 151 
563 568 13032 13049 166 
164 169 3681 3682 1 
752 759 17050 17065 178 
792 794 17849 17850 1 
617 620 13969 13970 1 
231 233 5107 5145 133 
659 663 14918 14919 1 
99 104 2296 2322 114 
680 683 15328 15353 117 
260 263 5795 5796 1 
360 361 8198 8233 119 
554 558 12750 12751 1 
498 502 11555 11556 1 
106 108 2420 2430 102 
129 132 2898 2912 174 
616 618 13961 13962 1 
411 415 9569 9580 173 
479 480 11192 11195 122 
663 668 15019 15039 143 
233 236 5187 5218 172 
87 92 2070 2112 181 
375 378 8599 8621 110 
41 44 953 983 135 
434 438 10111 10149 199 
476 479 11139 11158 150 
641 646 14512 14557 112 
53 59 1293 1342 183 
690 694 15655 15692 175 
748 752 17016 17023 197 
850 853 19525 19546 193 
792 794 17884 17901 121 
540 543 12459 12491 182 
429 432 9941 9942 1 
797 800 17988 17989 1 
681 685 15359 15360 1 
348 350 7858 7884 124 
284 288 6351 6370 186 
268 272 6050 6095 109 
698 700 15807 15830 179 
628 630 14205 14237 170 
162 165 3635 3666 166 
689 691 15625 15668 193 
207 209 4588 4589 1 
713 714 16088 16090 136 
21 25 455 456 1 
703 708 15953 15998 136 
502 504 11669 11691 137 
748 753 16981 16982 1 
531 537 12256 12257 1 
600 607 13651 13652 1 
794 795 17958 17966 101 
98 102 2245 2246 1 
775 778 17493 17541 116 
80 84 1909 1910 1 
176 179 3990 3999 111 
260 262 5794 5795 1 
619 621 14045 14049 125 
226 232 5014 5062 143 
321 322 7135 7166 141 
641 643 14516 14555 184 
764 767 17246 17254 178 
323 326 7216 7263 103 
314 320 7081 7121 187 
807 808 18270 18296 168 
548 549 12623 12657 182 
142 147 3210 3243 133 
257 258 5736 5745 183 
431 436 10031 10037 122 
811 814 18408 18428 187 
451 453 10573 10594 189 
850 854 19498 19529 159 
383 385 8821 8851 119 
845 847 19251 19269 157 
149 152 3367 3368 1 
797 800 18004 18023 137 
330 334 7342 7343 1 
641 645 14519 14530 112 
142 146 3192 3207 199 
792 794 17843 17844 1 
516 521 11999 12015 160 
818 822 18632 18633 1 
579 583 13360 13406 181 
582 587 13363 13383 148 
298 300 6672 6676 106 
95 97 2202 2246 158 
37 40 853 854 1 
458 461 10746 10779 146 
735 737 16664 16699 130 
183 186 4068 4069 1 
411 413 9564 9606 100 
403 405 9328 9338 175 
170 174 3814 3860 146 
216 217 4791 4841 127 
353 356 8032 8042 101 
308 313 6846 6847 1 
724 726 16333 16378 107 
93 94 2126 2143 200 
686 690 15562 15587 118 
559 560 12861 12887 184 
74 79 1784 1785 1 
524 528 12110 12145 150 
846 849 19298 19299 1 
838 841 19224 19251 166 
732 736 16557 16558 1 
281 288 6323 6325 149 
630 632 14298 14301 187 
93 94 2119 2140 193 
761 768 17222 17269 159 
7 15 232 233 1 
433 436 10000 10001 1 
220 222 4866 4900 180 
306 313 6905 6914 146 
778 781 17549 17550 1 
424 430 9872 9922 184 
265 269 5983 5996 165 
623 627 14110 14159 119 
767 774 17330 17353 107 
697 700 15774 15801 137 
808 811 18342 18375 169 
264 266 5958 6003 112 
589 592 13510 13549 120 
152 154 3469 3481 175 
111 115 2608 2621 140 
52 54 1207 1216 192 
593 596 13532 13533 1 
422 425 9764 9765 1 
413 417 9649 9666 138 
96 99 2235 2246 172 
355 357 8005 8045 145 
451 453 10564 10571 120 
428 433 9945 9989 148 
760 765 17176 17179 178 
646 647 14625 14653 133 
347 352 7852 7853 1 
815 818 18585 18625 122 
110 114 2505 2530 142 
308 313 6879 6920 137 
233 235 5188 5207 109 
503 505 11663 11664 1 
115 121 2676 2707 164 
647 651 14692 14696 172 
132 135 2939 2970 137 
142 148 3193 3213 162 
207 209 4610 4654 148 
181 187 4110 4152 108 
444 445 10321 10322 1 
556 562 12883 12903 134 
5 8 129 130 1 
617 618 13972 13973 1 
40 43 962 963 1 
157 161 3545 3560 198 
654 660 14848 14857 121 
796 799 18000 18001 1 
546 549 12593 12635 127 
643 647 14602 14603 1 
254 257 5640 5641 1 
802 806 18197 18240 166 
759 763 17187 17221 135 
464 467 10877 10883 199 
461 465 10829 10857 155 
105 107 2350 2351 1 
200 204 4457 4502 178 
228 234 5113 5119 126 
298 302 6663 6688 161 
634 639 14392 14422 192 
83 88 1998 1999 1 
36 39 872 915 151 
733 736 16543 16544 1 
566 570 13008 13041 194 
301 305 6749 6775 175 
71 73 1712 1746 196 
307 311 6916 6958 116 
289 293 6424 6444 118 
502 507 11645 11680 161 
634 638 14374 14403 196 
91 95 2119 2120 1 
603 611 13782 13783 171 
807 809 18271 18316 164 
405 408 9376 9377 1 
772 775 17392 17423 106 
480 488 11278 11327 114 
603 609 13788 13822 168 
612 615 13864 13886 189 
638 640 14411 14412 1 
238 246 5322 5372 159 
795 798 18031 18078 102 
785 789 17754 17755 1 
675 680 15261 15288 156 
511 515 11896 11946 114 
768 772 17312 17345 185 
454 455 10656 10691 169 
654 658 14849 14856 200 
263 264 5915 5917 173 
391 393 8980 9012 133 
2 6 84 125 153 
171 172 3822 3823 1 
342 344 7627 7635 130 
722 728 16320 16321 1 
126 129 2823 2857 142 
183 186 4093 4136 102 
645 649 14570 14571 1 
442 443 10246 10247 1 
769 774 17291 17292 1 
231 234 5086 5087 1 
197 200 4324 4325 1 
761 769 17205 17206 1 
749 755 16986 16987 1 
452 454 10547 10548 1 
525 528 12132 12165 167 
775 777 17474 17498 104 
690 691 15631 15652 117 
325 329 7238 7265 178 
828 832 18884 18933 190 
737 739 16748 16792 147 
712 718 16069 16070 1 
295 298 6573 6583 139 
749 754 17003 17022 160 
200 205 4455 4491 104 
543 547 12519 12520 1 
831 833 18944 18981 152 
69 71 1614 1615 1 
94 100 2199 2216 113 
40 45 990 1000 154 
136 138 3040 3047 147 
33 36 788 789 1 
404 409 9393 9426 163 
781 783 17618 17619 1 
12 20 306 309 160 
305 309 6790 6791 1 
19 23 387 419 161 
339 344 7604 7605 1 
474 477 11108 11156 109 
80 83 1911 1912 1 
157 162 3544 3580 160 
473 479 11066 11067 1 
344 345 7685 7686 1 
331 333 7339 7340 1 
15 19 320 325 152 
733 736 16546 16547 1 
112 116 2611 2633 153 
797 799 18015 18040 135 
617 618 13984 14020 140 
832 833 18982 19011 159 
641 644 14500 14501 1 
400 403 9257 9291 155 
149 151 3395 3396 146 
787 790 17793 17797 140 
225 228 5025 5032 190 
836 838 19090 19091 1 
782 785 17688 17723 131 
836 839 19121 19171 105 
846 848 19303 19304 1 
164 169 3682 3683 1 
532 538 12289 12308 186 
6 10 132 133 1 
696 700 15790 15817 175 
349 354 7939 7955 131 
369 373 8443 8488 148 
517 520 11964 11980 101 
556 560 12874 12876 107 
562 564 12932 12944 151 
312 314 6961 6962 1 
149 152 3393 3417 175 
377 381 8659 8701 139 
850 854 19518 19523 156 
824 828 18812 18861 190 
235 241 5256 5273 116 
33 36 825 845 104 
585 589 13425 13434 152 
666 670 15008 15034 146 
604 609 13765 13777 146 
532 539 12298 12345 192 
135 141 3045 3051 151 
663 670 15024 15049 160 
47 51 1176 1186 139 
387 391 8923 8927 199 
152 154 3482 3505 151 
187 192 4197 4238 176 
721 724 16205 16206 1 
404 408 9400 9429 111 
404 407 9367 9368 1 
688 689 15553 15573 117 
355 356 7994 8020 161 
287 291 6438 6452 127 
11 14 254 289 161 
457 463 10695 10696 1 
404 409 9404 9446 118 
662 665 14895 14896 1 
451 453 10555 10556 1 
5 11 170 217 133 
347 349 7879 7909 197 
589 595 13471 13472 1 
31 33 733 782 179 
478 480 11181 11182 1 
515 521 11988 12019 128 
511 514 11902 11908 178 
545 550 12622 12666 116 
269 271 6077 6108 111 
720 723 16272 16291 184 
503 506 11676 11682 104 
117 118 2649 2650 1 
813 817 18514 18525 143 
508 512 11841 11876 161 
738 742 16746 16752 120 
255 256 5605 5623 137 
712 715 16091 16104 121 
497 502 11600 11622 131 
32 38 782 786 118 
381 384 8715 8716 1 
301 304 6723 6724 1 
592 597 13569 13594 176 
727 731 16405 16431 160 
319 323 7160 7166 100 
670 672 15091 15092 170 
454 458 10630 10631 1 
641 642 14508 14552 195 
214 220 4777 4820 174 
764 769 17263 17276 173 
690 692 15610 15611 1 
181 187 4096 4108 143 
710 716 16084 16088 177 
680 681 15310 15311 1 
724 729 16321 16338 139 
519 525 12068 12106 187 
29 31 595 596 1 
251 254 5590 5625 185 
542 544 12546 12554 170 
669 673 15057 15058 1 
446 448 10420 10467 197 
765 768 17226 17249 130 
655 662 14845 14864 122 
102 107 2377 2416 109 
838 841 19222 19238 165 
7 13 266 281 182 
263 265 5920 5954 182 
318 322 7122 7123 1 
393 397 9090 9096 188 
141 142 3141 3157 196 
673 674 15150 15151 1 
135 139 3024 3028 101 
477 482 11220 11267 110 
40 46 1000 1016 102 
468 472 10964 10978 119 
589 593 13489 13505 169 
675 679 15266 15306 180 
808 810 18339 18372 187 
583 590 13435 13443 145 
473 479 11096 11133 162 
401 405 9318 9325 105 
83 86 2003 2049 168 
234 235 5177 5194 124 
335 337 7436 7437 1 
366 370 8379 8380 1 
593 596 13577 13598 184 
137 143 3134 3135 1 
481 486 11265 11268 100 
426 429 9878 9908 116 
829 832 18903 18930 171 
745 750 16902 16903 1 
378 380 8649 8650 1 
774 776 17390 17438 121 
426 429 9872 9880 139 
487 492 11339 11380 187 
836 838 19103 19112 145 
814 817 18494 18540 180 
851 855 19453 19454 1 
768 771 17320 17321 166 
767 771 17308 17309 1 
651 655 14765 14766 1 
361 364 8244 8245 1 
739 746 16851 16872 181 
781 783 17611 17612 1 
109 112 2522 2533 200 
142 145 3205 3235 119 
358 361 8165 8208 128 
50 55 1214 1216 100 
818 822 18662 18692 115 
172 175 3895 3908 115 
566 568 13020 13041 141 
326 330 7273 7274 1 
98 102 2251 2252 1 
171 172 3862 3871 160 
840 845 19182 19194 137 
310 312 6885 6926 166 
483 484 11257 11285 127 
264 269 5951 5952 1 
292 295 6518 6525 170 
735 737 16681 16694 186 
588 595 13494 13506 111 
78 81 1844 1845 1 
28 31 678 703 200 
277 280 6162 6163 1 
323 329 7195 7217 104 
529 530 12183 12220 102 
708 711 16032 16034 166 
3 4 81 118 195 
554 556 12790 12840 141 
434 438 10119 10168 111 
207 209 4585 4586 1 
185 191 4208 4236 197 
216 217 4783 4823 105 
198 202 4421 4422 1 
815 818 18572 18594 163 
380 382 8734 8763 190 
289 290 6422 6463 145 
565 570 13009 13034 171 
480 484 11270 11283 129 
435 438 10077 10078 1 
37 42 897 920 194 
319 323 7139 7142 174 
668 673 15096 15136 182 
46 47 1051 1060 135 
153 158 3548 3554 152 
760 764 17157 17158 1 
748 752 16984 16985 1 
754 760 17115 17150 180 
24 26 463 464 1 
454 456 10647 10688 167 
178 183 4036 4059 149 
152 154 3456 3504 118 
573 577 13154 13157 119 
194 198 4329 4330 1 
57 62 1356 1363 199 
293 294 6527 6559 188 
367 370 8409 8412 149 
178 182 4006 4007 1 
502 504 11643 11662 160 
685 686 15460 15472 174 
464 469 10888 10889 181 
699 706 15871 15880 193 
766 773 17320 17332 139 
813 816 18494 18532 136 
247 250 5503 5511 191 
115 118 2690 2721 178 
48 52 1125 1128 180 
599 601 13632 13633 160 
336 340 7531 7532 1 
311 314 6997 7034 150 
55 59 1270 1271 1 
524 529 12108 12140 190 
62 64 1447 1448 1 
731 733 16478 16479 1 
398 400 9149 9150 1 
769 770 17327 17360 133 
347 350 7864 7869 163 
182 185 4140 4159 189 
777 780 17577 17591 107 
531 537 12250 12251 1 
43 48 1091 1098 100 
279 284 6277 6325 200 
364 366 8359 8374 121 
656 660 14860 14881 178 
280 281 6257 6272 182 
514 518 11960 11972 156 
847 848 19374 19382 146 
552 553 12683 12684 1 
143 147 3212 3214 126 
210 215 4667 4668 1 
369 371 8438 8453 158 
722 727 16312 16313 1 
501 503 11551 11552 1 
238 243 5343 5372 129 
181 188 4111 4112 130 
212 214 4676 4711 181 
822 824 18742 18765 181 
45 48 1060 1061 1 
607 611 13745 13746 1 
744 749 16903 16908 102 
412 419 9617 9618 1 
337 342 7546 7562 115 
359 362 8160 8201 148 
39 45 968 1002 198 
6 8 130 131 1 
32 34 763 764 1 
30 33 691 724 161 
261 263 5827 5852 138 
540 543 12458 12506 197 
462 464 10820 10855 171 
478 483 11209 11215 116 
610 614 13832 13863 153 
202 208 4506 4507 1 
525 527 12145 12170 157 
848 851 19421 19441 146 
622 626 14132 14159 148 
198 202 4438 4460 151 
330 334 7376 7377 180 
696 702 15793 15807 194 
755 757 17059 17091 152 
438 440 10212 10241 147 
647 651 14715 14756 169 
192 196 4247 4248 1 
324 328 7219 7254 120 
680 682 15330 15338 171 
234 237 5180 5225 182 
362 365 8234 8261 125 
265 270 5989 6036 153 
309 313 6861 6862 1 
192 194 4273 4318 157 
70 72 1702 1703 1 
702 704 15861 15862 1 
405 409 9414 9434 171 
584 590 13408 13409 1 
718 720 16182 16229 167 
767 771 17327 17362 161 
237 239 5257 5299 139 
737 741 16755 16803 194 
855 858 19550 19551 1 
404 406 9381 9411 130 
220 222 4871 4899 175 
546 549 12591 12612 140 
52 55 1171 1172 1 
367 370 8408 8441 154 
257 260 5733 5772 147 
71 72 1712 1746 114 
390 395 9005 9052 142 
101 102 2262 2263 1 
417 421 9707 9720 172 
318 325 7157 7195 134 
584 589 13437 13450 178 
694 698 15726 15741 193 
787 791 17802 17844 187 
55 58 1290 1326 115 
300 304 6702 6703 1 
209 215 4700 4720 124 
68 71 1616 1634 173 
690 695 15644 15669 195 
8 16 211 257 132 
186 192 4177 4198 109 
383 388 8846 8868 131 
379 381 8651 8661 135 
546 550 12569 12570 1 
209 215 4686 4700 176 
443 445 10321 10337 181 
120 124 2703 2704 1 
331 334 7381 7428 113 
564 570 13023 13066 109 
367 371 8390 8391 1 
155 160 3563 3568 189 
15 18 315 363 132 
684 688 15489 15504 170 
762 768 17251 17252 1 
744 748 16917 16945 144 
381 383 8713 8714 1 
31 33 708 709 1 
508 512 11835 11853 189 
825 828 18807 18847 126 
639 640 14448 14482 199 
421 423 9772 9773 1 
689 694 15597 15598 1 
219 224 4832 4860 167 
685 687 15436 15437 1 
621 625 14134 14138 159 
19 22 395 439 149 
676 683 15329 15378 143 
95 99 2209 2214 189 
115 121 2677 2727 142 
543 547 12536 12555 123 
530 538 12245 12264 173 
663 667 15041 15078 176 
176 180 3972 4022 192 
197 199 4348 4356 145 
667 672 15106 15124 191 
309 313 6889 6918 139 
214 220 4792 4794 168 
778 779 17582 17619 161 
483 486 11250 11287 121 
719 724 16250 16281 107 
361 364 8263 8290 152 
543 544 12530 12541 178 
314 317 7084 7124 189 
2 4 57 58 1 
669 673 15090 15100 148 
124 129 2822 2869 156 
597 600 13617 13618 1 
379 380 8628 8629 1 
798 803 18111 18112 200 
381 382 8733 8755 170 
61 66 1411 1412 1 
679 683 15314 15315 1 
115 122 2667 2677 185 
380 384 8735 8772 189 
279 282 6266 6278 156 
353 357 8017 8025 156 
412 417 9642 9652 183 
173 176 3895 3896 1 
143 145 3204 3209 148 
685 687 15440 15441 1 
421 424 9806 9832 121 
602 603 13685 13688 184 
250 253 5537 5572 142 
849 850 19427 19428 153 
359 361 8176 8207 193 
116 121 2681 2716 198 
552 553 12695 12705 116 
319 322 7148 7157 177 
629 633 14301 14324 119 
800 803 18090 18091 1 
391 393 8968 9002 124 
421 425 9806 9814 163 
799 802 18085 18118 153 
673 674 15186 15214 155 
218 223 4867 4917 112 
466 470 10887 10928 180 
525 527 12141 12151 109 
636 639 14361 14400 171 
277 278 6187 6203 120 
660 666 14931 14979 121 
247 251 5503 5549 133 
788 790 17768 17770 127 
478 482 11203 11214 135 
264 270 5969 6017 109 
715 719 16119 16120 1 
206 210 4613 4619 155 
316 320 7055 7063 172 
207 212 4605 4637 126 
183 186 4092 4094 184 
307 312 6915 6948 137 
124 130 2784 2785 1 
155 158 3543 3578 200 
432 434 10033 10058 106 
842 847 19283 19284 1 
609 614 13852 13855 111 
363 365 8255 8256 1 
567 571 13106 13107 101 
734 735 16593 16598 163 
460 464 10797 10832 152 
665 668 15002 15049 150 
669 672 15057 15058 1 
361 365 8282 8304 103 
438 441 10216 10231 105 
141 143 3128 3175 162 
53 56 1297 1301 146 
117 119 2666 2695 180 
473 478 11093 11139 127 
432 434 10040 10089 138 
781 782 17654 17668 151 
825 826 18805 18824 121 
189 195 4295 4314 126 
519 523 12046 12069 182 
438 440 10173 10174 1 
521 526 12044 12045 1 
110 113 2483 2484 1 
601 605 13695 13696 127 
837 840 19117 19130 100 
605 608 13767 13811 117 
712 717 16101 16139 168 
572 575 13188 13220 174 
333 336 7467 7501 109 
68 71 1585 1586 1 
309 312 6892 6931 183 
784 792 17755 17756 1 
128 133 2887 2888 1 
459 466 10797 10819 139 
662 666 14918 14923 156 
717 721 16186 16193 100 
712 715 16082 16109 133 
133 136 2964 2993 164 
17 21 384 420 143 
281 287 6288 6289 1 
142 146 3203 3221 136 
506 508 11781 11792 143 
359 363 8144 8145 1 
126 130 2842 2878 184 
569 573 13108 13131 187 
148 149 3312 3352 149 
685 686 15445 15446 1 
537 540 12372 12422 145 
151 156 3486 3495 141 
278 285 6250 6290 134 
415 420 9601 9602 1 
682 684 15382 15391 200 
112 115 2627 2644 185 
207 210 4596 4613 127 
733 736 16551 16587 121 
482 487 11273 11274 1 
437 441 10180 10181 1 
270 273 6061 6101 149 
62 66 1437 1438 1 
270 274 6056 6063 148 
299 303 6690 6710 113 
658 665 14939 14942 100 
315 321 7024 7025 1 
471 475 11015 11016 1 
0 3 23 34 137 
509 512 11810 11811 1 
216 218 4788 4819 132 
171 173 3863 3884 169 
201 208 4530 4557 178 
322 328 7179 7180 1 
850 855 19502 19511 160 
416 419 9592 9593 1 
0 1 12 61 129 
234 235 5188 5229 159 
726 730 16427 16436 125 
278 285 6243 6276 172 
405 408 9379 9380 1 
789 793 17845 17846 1 
423 428 9861 9887 119 
49 50 1110 1144 126 
353 357 7993 7994 1 
647 651 14702 14726 149 
579 584 13349 13364 110 
263 265 5892 5893 1 
473 479 11090 11117 106 
850 853 19489 19490 1 
37 42 896 928 172 
47 50 1137 1138 1 
351 355 7906 7907 1 
433 434 10039 10078 172 
535 540 12359 12378 164 
202 208 4525 4554 189 
831 834 18942 18960 139 
337 341 7548 7566 188 
202 207 4508 4509 1 
639 640 14463 14501 189 
724 728 16312 16353 124 
460 464 10798 10843 105 
82 88 2017 2019 108 
457 463 10712 10739 114 
340 344 7633 7657 156 
246 247 5403 5438 164 
750 755 16989 17012 164 
620 623 14044 14050 189 
80 85 1938 1967 166 
90 95 2111 2120 111 
446 447 10432 10457 161 
94 97 2220 2260 125 
734 735 16592 16632 166 
184 188 4134 4151 103 
152 157 3482 3523 183 
684 688 15456 15457 1 
183 186 4073 4074 1 
241 245 5361 5383 151 
484 489 11316 11342 101 
67 70 1607 1608 1 
275 280 6177 6216 179 
437 441 10179 10180 1 
822 824 18756 18776 120 
444 446 10350 10379 158 
304 307 6843 6877 142 
169 171 3736 3737 1 
844 847 19248 19249 1 
55 56 1287 1337 111 
81 83 1934 1983 123 
190 196 4292 4293 132 
108 111 2511 2512 1 
482 487 11292 11310 116 
659 663 14951 14995 138 
759 762 17164 17202 108 
610 614 13814 13853 133 
79 81 1866 1887 174 
724 726 16330 16379 137 
33 34 796 797 1 
52 55 1177 1178 1 
598 602 13619 13630 149 
282 288 6333 6340 133 
522 528 12124 12140 107 
437 441 10201 10238 200 
554 556 12754 12755 1 
812 816 18484 18513 115 
130 132 2907 2919 116 
33 34 831 881 143 
191 196 4284 4333 116 
613 617 13927 13962 163 
833 835 19024 19025 1 
101 102 2270 2271 1 
549 554 12712 12742 180 
260 263 5795 5796 1 
400 402 9252 9265 187 
689 692 15597 15598 1 
146 150 3280 3321 169 
103 106 2357 2392 157 
514 521 11943 11979 111 
214 220 4789 4836 196 
245 247 5402 5403 1 
776 778 17485 17497 170 
527 531 12204 12245 149 
712 718 16094 16128 172 
765 767 17190 17191 1 
516 519 11995 12005 154 
575 579 13274 13299 145 
828 831 18866 18867 1 
716 719 16177 16202 159 
653 655 14793 14816 182 
532 537 12280 12326 145 
429 433 9969 9978 183 
477 483 11207 11219 172 
646 649 14627 14654 147 
400 401 9240 9287 154 
444 446 10326 10327 1 
151 153 3470 3519 145 
17 22 382 414 194 
685 687 15461 15474 117 
833 837 19036 19075 178 
606 609 13738 13756 200 
330 333 7368 7411 112 
125 130 2833 2837 136 
254 257 5652 5672 130 
298 301 6653 6694 178 
597 601 13633 13675 131 
445 448 10379 10380 1 
487 493 11317 11318 1 
401 404 9297 9298 1 
288 293 6452 6487 101 
294 299 6585 6629 183 
294 299 6566 6567 1 
611 613 13832 13879 144 
521 524 12056 12067 135 
54 59 1279 1317 173 
797 798 17984 17985 1 
26 29 525 537 194 
226 229 5023 5054 166 
311 315 6965 6966 1 
69 71 1623 1671 136 
650 654 14765 14814 167 
143 148 3212 3228 191 
226 232 5032 5060 197 
553 557 12804 12842 166 
379 380 8661 8709 107 
674 677 15267 15291 135 
656 662 14844 14855 190 
159 167 3614 3637 184 
464 469 10863 10864 1 
246 248 5382 5383 1 
471 476 11045 11091 177 
18 21 409 414 102 
212 216 4678 4683 131 
847 849 19347 19348 1 
642 649 14616 14649 168 
400 402 9262 9300 163 
73 78 1809 1835 161 
554 555 12782 12812 192 
256 260 5764 5788 114 
773 775 17376 17413 167 
681 684 15385 15423 153 
305 308 6816 6833 114 
736 738 16632 16677 148 
671 672 15082 15083 1 
227 229 5010 5019 158 
484 490 11337 11358 145 
150 151 3365 3414 197 
689 692 15625 15661 147 
78 80 1843 1844 1 
617 620 13993 14005 156 
727 730 16424 16473 108 
782 785 17675 17676 1 
851 852 19460 19461 1 
261 262 5836 5874 170 
99 102 2255 2256 1 
210 215 4702 4712 140 
226 229 5018 5042 176 
304 309 6834 6853 144 
821 824 18744 18773 159 
853 859 19582 19620 112 
173 176 3895 3896 1 
649 651 14676 14715 195 
456 460 10693 10694 1 
716 720 16186 16213 110 
607 611 13775 13782 113 
31 32 711 712 1 
590 595 13474 13477 194 
70 75 1712 1760 200 
457 463 10720 10768 174 
347 350 7882 7883 114 
618 623 14083 14088 146 
674 679 15264 15304 151 
426 428 9862 9877 147 
602 605 13646 13647 1 
517 518 11963 11989 165 
824 829 18790 18791 1 
739 746 16838 16859 157 
223 227 4964 4970 128 
229 234 5075 5098 106 
670 673 15058 15059 1 
63 69 1557 1602 112 
561 564 12928 12929 1 
371 376 8498 8503 101 
168 171 3757 3758 1 
131 136 2952 2953 1 
739 746 16860 16871 200 
36 42 898 947 145 
233 236 5175 5208 105 
26 27 501 502 1 
811 814 18399 18400 1 
173 177 3892 3893 1 
555 561 12850 12896 133 
126 130 2843 2886 119 
444 446 10322 10323 1 
290 295 6514 6540 162 
324 326 7220 7264 141 
251 252 5590 5630 141 
213 216 4701 4738 145 
176 180 3985 3988 158 
118 123 2755 2787 138 
855 856 19567 19570 152 
107 109 2440 2485 170 
105 107 2383 2397 122 
386 390 8877 8878 1 
519 525 12039 12041 120 
799 803 18087 18109 157 
106 109 2420 2463 126 
524 528 12121 12152 182 
204 207 4536 4569 199 
157 160 3548 3557 161 
399 403 9226 9227 1 
276 278 6203 6217 169 
52 53 1170 1171 1 
540 542 12435 12436 1 
258 263 5823 5862 136 
80 83 1940 1970 128 
712 716 16105 16143 199 
290 294 6518 6557 186 
593 597 13566 13569 117 
851 852 19476 19478 159 
771 776 17392 17434 103 
798 804 18112 18129 109 
776 778 17446 17447 1 
343 346 7683 7684 1 
192 196 4270 4284 159 
267 274 6046 6071 180 
809 811 18337 18387 115 
6 10 148 162 171 
478 480 11175 11176 1 
863 864 19855 19859 1 
327 330 7281 7306 170 
750 752 17001 17019 131 
346 348 7757 7758 1 
512 515 11898 11901 125 
98 104 2283 2313 117 
755 757 17068 17102 128 
392 398 9108 9113 163 
48 52 1126 1151 100 
539 540 12380 12381 171 
299 301 6675 6712 192 
793 796 17961 17976 161 
729 731 16383 16384 1 
479 480 11191 11223 106 
626 630 14203 14218 186 
769 771 17284 17285 1 
732 736 16562 16563 1 
514 518 11947 11985 166 
602 604 13646 13647 1 
431 436 10009 10010 1 
214 220 4767 4783 114 
154 158 3517 3518 1 
227 231 5000 5001 1 
617 619 13986 14011 139 
142 146 3210 3235 151 
55 59 1307 1329 187 
375 377 8600 8607 142 
691 697 15707 15725 139 
81 83 1934 1942 109 
390 392 9011 9036 156 
398 400 9182 9201 188 
247 251 5497 5517 180 
177 178 3942 3943 1 
374 379 8560 8561 1 
44 47 1061 1111 150 
638 640 14435 14452 127 
269 273 6060 6102 115 
561 563 12958 13003 135 
310 311 6882 6892 165 
42 43 989 1013 104 
295 298 6590 6595 153 
383 388 8832 8860 123 
114 116 2595 2629 168 
57 61 1342 1351 124 
311 314 6980 7007 186 
640 645 14538 14558 181 
207 211 4609 4659 184 
170 174 3804 3805 1 
839 842 19218 19241 183 
489 496 11408 11449 111 
573 576 13142 13143 1 
542 547 12541 12549 139 
754 757 17097 17124 194 
574 582 13255 13298 183 
155 159 3548 3583 130 
104 107 2328 2329 1 
0 3 -10 -9 1 
796 800 18043 18084 161 
750 753 16987 17000 121 
622 626 14114 14120 113 
419 422 9681 9704 137 
345 348 7765 7766 1 
854 857 19577 19578 1 
777 780 17558 17568 129 
848 850 19416 19420 103 
60 63 1462 1509 144 
795 800 18031 18077 135 
96 99 2219 2242 127 
608 615 13860 13895 104 
364 367 8368 8379 200 
104 106 2349 2392 167 
472 475 11022 11051 132 
660 663 14920 14952 191 
151 156 3441 3442 1 
482 485 11288 11317 184 
71 73 1680 1681 1 
480 484 11284 11296 178 
1 5 95 102 130 
4 7 146 193 192 
316 319 7040 7083 140 
454 455 10652 10681 145 
790 793 17875 17888 141 
801 807 18212 18241 195 
568 571 13075 13116 161 
110 114 2508 2557 200 
581 586 13339 13349 177 
200 202 4458 4495 147 
570 572 13088 13099 173 
380 384 8746 8795 174 
26 29 538 587 165 
542 548 12549 12585 157 
812 817 18484 18511 147 
421 427 9811 9819 179 
647 650 14706 14744 106 
60 64 1448 1470 106 
215 219 4733 4734 1 
698 699 15799 15832 128 
429 431 9954 9973 175 
225 231 5033 5078 141 
96 100 2207 2239 119 
657 659 14858 14866 127 
405 406 9375 9376 1 
798 804 18084 18085 1 
684 686 15480 15517 164 
727 731 16404 16437 186 
588 594 13473 13474 1 
256 261 5760 5791 198 
834 837 19050 19093 138 
304 307 6804 6805 1 
27 31 590 591 1 
783 788 17723 17737 136 
80 82 1941 1958 150 
480 485 11284 11310 190 
222 226 4912 4913 1 
158 164 3627 3639 111 
17 23 385 389 179 
611 615 13807 13845 137 
699 703 15885 15914 193 
753 756 17055 17060 106 
798 801 18128 18168 192 
735 737 16658 16689 118 
616 618 13981 14026 128 
407 411 9500 9528 122 
28 31 653 701 164 
141 142 3121 3132 118 
776 777 17443 17444 1 
512 514 11882 11883 1 
754 758 17082 17083 1 
130 133 2908 2914 152 
501 502 11570 11606 127 
305 308 6819 6835 149 
664 668 15012 15030 160 
642 648 14592 14608 102 
88 92 2083 2120 196 
738 743 16761 16777 199 
613 616 13904 13905 1 
723 728 16332 16380 130 
476 478 11137 11170 144 
17 24 368 369 1 
319 323 7147 7175 186 
366 371 8416 8446 140 
281 286 6313 6349 173 
783 785 17693 17694 1 
738 743 16763 16813 166 
55 58 1310 1324 170 
9 14 258 273 154 
132 134 2940 2958 167 
734 735 16588 16622 128 
146 150 3270 3312 122 
731 733 16480 16481 1 
124 129 2823 2843 182 
222 226 4932 4951 142 
743 746 16826 16827 1 
544 552 12585 12627 138 
56 62 1395 1432 200 
454 457 10645 10673 102 
664 671 15012 15038 179 
775 777 17466 17467 1 
294 298 6583 6615 152 
854 857 19578 19579 1 
465 467 10878 10914 179 
46 49 1057 1089 110 
106 109 2403 2404 1 
290 295 6517 6535 119 
524 529 12117 12161 153 
502 505 11666 11692 187 
151 154 3448 3449 1 
151 155 3451 3452 1 
70 75 1722 1770 121 
820 823 18652 18653 121 
463 464 10773 10774 1 
45 47 1081 1126 111 
527 534 12185 12186 1 
200 205 4461 4500 199 
740 746 16785 16808 127 
382 385 8814 8864 164 
161 166 3613 3640 135 
553 559 12790 12823 123 
462 465 10825 10836 162 
511 514 11868 11869 1 
185 189 4206 4245 172 
547 551 12618 12627 156 
709 711 16043 16064 179 
741 747 16833 16858 127 
72 77 1775 1779 118 
6 7 173 217 190 
407 411 9480 9514 190 
527 533 12195 12222 135 
729 730 16399 16406 135 
212 214 4652 4653 1 
722 727 16354 16383 138 
149 151 3376 3395 186 
580 584 13303 13304 1 
110 113 2499 2544 191 
460 464 10769 10816 174 
5 11 150 160 139 
753 758 17026 17027 1 
573 574 13163 13180 127 
665 667 15013 15051 189 
794 796 17917 17918 1 
1 6 67 68 1 
265 266 5985 6026 183 
690 694 15626 15649 189 
305 310 6819 6860 148 
149 152 3367 3368 1 
700 706 15860 15876 129 
198 203 4424 4425 1 
265 267 5991 6009 154 
365 369 8337 8375 178 
513 520 11961 11962 1 
596 601 13614 13615 1 
790 794 17835 17836 1 
730 734 16482 16483 1 
498 503 11592 11615 192 
431 434 10003 10004 1 
340 344 7636 7678 101 
211 215 4687 4690 155 
330 334 7359 7373 161 
543 548 12557 12600 142 
252 257 5665 5686 189 
361 365 8260 8304 166 
639 640 14450 14500 102 
689 694 15627 15635 106 
49 52 1123 1128 106 
817 818 18554 18555 1 
739 746 16825 16826 1 
21 25 475 488 174 
184 187 4103 4104 1 
14 17 313 315 152 
785 789 17773 17803 142 
235 242 5239 5240 1 
850 852 19492 19493 1 
659 665 14933 14982 190 
270 273 6042 6043 1 
620 622 14037 14083 101 
779 783 17667 17671 117 
329 330 7274 7275 1 
566 570 12991 12992 1 
79 80 1857 1875 144 
648 650 14646 14647 1 
250 255 5544 5556 172 
358 362 8153 8168 146 
636 637 14337 14338 1 
0 1 6 34 134 
146 149 3265 3304 143 
607 612 13783 13833 125 
207 209 4609 4625 129 
681 685 15377 15395 176 
179 184 4021 4022 1 
451 454 10574 10614 183 
352 354 7958 7981 196 
115 119 2669 2672 179 
446 448 10439 10452 174 
376 379 8599 8600 1 
712 718 16103 16139 117 
844 846 19251 19252 1 
410 413 9576 9618 152 
690 695 15635 15662 143 
29 30 594 595 1 
176 179 3981 4004 127 
448 450 10476 10477 1 
348 349 7855 7879 100 
156 162 3519 3528 171 
192 197 4265 4299 102 
270 271 6058 6101 120 
172 176 3909 3910 179 
265 270 5977 5987 177 
738 740 16755 16764 175 
58 62 1345 1346 1 
53 59 1285 1332 167 
390 396 9021 9065 164 
168 170 3791 3793 109 
162 164 3600 3601 1 
347 352 7881 7917 113 
20 23 377 385 160 
641 642 14515 14551 141 
745 750 16936 16951 100 
151 155 3446 3447 1 
81 84 1953 1972 119 
701 704 15891 15899 198 
316 321 7056 7074 113 
338 340 7532 7535 198 
298 303 6671 6695 107 
549 553 12678 12679 1 
542 545 12538 12575 143 
388 391 8920 8926 141 
9 12 272 284 139 
241 246 5339 5375 124 
650 657 14793 14835 180 
489 494 11410 11443 132 
769 771 17319 17339 177 
562 564 12942 12980 197 
641 642 14518 14530 178 
235 241 5255 5275 164 
800 802 18125 18167 157 
435 438 10094 10099 165 
135 141 3013 3014 1 
180 184 4050 4087 127 
339 343 7628 7672 111 
588 592 13500 13516 135 
6 10 133 134 1 
598 600 13617 13637 172 
605 612 13768 13790 144 
523 527 12147 12157 139 
596 602 13608 13609 1 
674 679 15266 15297 132 
350 354 7933 7964 172 
813 816 18517 18561 180 
356 358 8070 8077 148 
145 150 3268 3269 1 
511 517 11896 11918 196 
845 846 19222 19223 1 
328 331 7279 7290 167 
4 7 158 196 127 
730 734 16496 16542 189 
577 582 13291 13309 163 
88 89 2089 2110 138 
379 381 8620 8621 1 
650 656 14779 14814 101 
641 642 14503 14504 1 
73 79 1813 1814 114 
639 640 14442 14469 152 
124 129 2789 2790 1 
75 77 1812 1823 171 
74 77 1798 1812 155 
535 541 12342 12343 1 
524 527 12085 12086 1 
375 377 8609 8618 182 
51 55 1200 1201 1 
87 89 2075 2106 130 
373 375 8523 8568 185 
824 827 18818 18837 144 
624 630 14200 14201 1 
70 74 1727 1771 140 
400 403 9247 9259 156 
864 865 19885 19891 1 
441 444 10262 10263 1 
532 539 12272 12282 184 
788 789 17787 17835 151 
439 444 10218 10219 1 
651 656 14764 14765 1 
67 71 1607 1608 1 
753 760 17061 17066 127 
256 258 5723 5724 1 
437 441 10215 10256 164 
676 683 15332 15363 187 
28 30 642 643 1 
813 815 18495 18500 161 
838 842 19198 19199 1 
142 148 3175 3176 1 
855 858 19566 19602 140 
42 46 983 994 198 
66 67 1510 1511 1 
484 489 11326 11352 189 
765 766 17220 17240 196 
690 691 15627 15650 104 
438 439 10194 10203 125 
68 70 1620 1657 104 
838 843 19209 19227 170 
356 360 8050 8051 1 
30 33 693 711 116 
597 602 13608 13609 1 
630 635 14276 14300 110 
528 532 12204 12249 152 
44 49 1061 1074 180 
675 677 15264 15288 154 
1 4 100 121 116 
796 800 18032 18079 188 
315 319 7047 7076 134 
700 704 15868 15892 194 
164 168 3690 3700 172 
508 511 11814 11855 173 
434 437 10098 10099 1 
540 543 12436 12437 1 
656 662 14826 14827 1 
143 145 3230 3253 140 
251 252 5559 5560 1 
143 148 3190 3191 1 
262 265 5901 5908 123 
430 431 9957 9958 118 
707 713 16016 16031 168 
282 286 6320 6361 118 
236 240 5256 5286 113 
850 853 19517 19533 142 
737 740 16733 16763 141 
765 768 17229 17239 109 
824 827 18782 18783 1 
489 494 11432 11473 137 
14 19 303 304 1 
553 556 12794 12827 186 
835 838 19120 19127 106 
77 80 1848 1849 1 
34 39 919 925 193 
381 383 8730 8760 145 
313 316 6944 6964 148 
467 471 10928 10929 1 
830 834 18974 18982 114 
35 41 911 925 200 
28 31 655 687 123 
18 21 396 422 106 
183 185 4087 4126 136 
277 279 6179 6194 118 
675 679 15267 15301 131 
370 376 8497 8510 130 
96 98 2221 2224 165 
32 34 765 766 1 
286 290 6430 6463 146 
474 478 11102 11143 156 
493 496 11430 11437 107 
655 659 14853 14857 126 
499 503 11605 11635 188 
517 520 11930 11931 1 
95 100 2178 2179 1 
81 84 1925 1926 1 
13 19 289 290 1 
566 570 13000 13038 141 
170 174 3825 3834 111 
375 378 8625 8636 114 
491 494 11375 11376 1 
774 775 17395 17431 168 
550 553 12700 12710 182 
396 398 9115 9122 178 
108 111 2532 2534 112 
630 635 14284 14298 120 
129 131 2900 2930 194 
31 33 744 783 167 
356 358 8090 8110 124 
113 117 2594 2630 138 
248 249 5481 5499 130 
563 570 13028 13053 131 
688 689 15555 15568 184 
816 818 18573 18574 1 
89 95 2149 2168 135 
8 15 211 235 189 
690 694 15628 15656 132 
348 350 7834 7835 1 
42 46 966 967 1 
186 190 4204 4249 109 
494 497 11503 11524 160 
2 6 88 119 124 
273 276 6109 6110 1 
376 378 8607 8631 157 
482 486 11296 11318 165 
360 363 8186 8187 1 
654 661 14828 14829 1 
821 825 18719 18720 1 
573 574 13164 13189 175 
705 708 15952 15953 1 
216 218 4751 4752 1 
390 393 9013 9033 163 
484 490 11334 11381 144 
243 247 5406 5445 181 
619 622 14030 14031 1 
214 220 4791 4800 160 
143 146 3188 3189 1 
690 691 15654 15678 163 
116 119 2646 2647 1 
428 432 9951 9993 123 
829 830 18901 18926 200 
121 125 2736 2737 1 
582 584 13326 13327 1 
468 471 10938 10939 1 
856 860 19659 19669 10 
442 444 10258 10263 108 
554 555 12788 12798 116 
515 521 11952 11953 1 
225 231 5017 5050 189 
8 12 218 248 186 
298 300 6668 6685 125 
34 40 911 953 158 
828 831 18886 18889 137 
745 751 16932 16942 158 
41 46 948 972 102 
26 28 533 562 112 
433 435 10035 10068 149 
47 50 1165 1189 137 
811 812 18394 18395 1 
437 441 10180 10181 1 
278 282 6263 6280 141 
804 806 18186 18232 121 
330 334 7372 7406 145 
384 388 8840 8890 142 
85 87 2031 2041 159 
424 429 9880 9927 125 
78 80 1859 1898 124 
101 105 2278 2328 158 
677 682 15339 15356 144 
767 770 17340 17361 189 
339 344 7602 7603 1 
713 717 16096 16103 194 
858 860 19681 19729 64 
647 652 14711 14756 104 
199 201 4423 4427 106 
663 667 15009 15010 1 
446 447 10422 10472 119 
452 454 10549 10550 1 
262 265 5883 5884 1 
344 346 7716 7745 195 
124 129 2812 2842 198 
654 660 14827 14828 1 
279 284 6266 6271 178 
616 620 13982 14015 105 
751 754 17015 17054 172 
814 817 18488 18498 178 
838 844 19212 19228 101 
372 374 8471 8472 1 
16 18 272 273 1 
213 214 4685 4713 195 
592 597 13571 13577 186 
70 73 1738 1780 147 
742 744 16840 16880 154 
88 91 2076 2095 119 
512 515 11896 11900 173 
293 297 6498 6499 1 
852 857 19575 19576 1 
365 366 8349 8366 150 
289 292 6424 6461 186 
143 147 3191 3192 1 
303 304 6718 6719 1 
850 852 19523 19564 155 
266 274 6070 6073 173 
143 148 3212 3224 170 
236 240 5253 5255 188 
367 371 8419 8469 156 
640 644 14542 14562 105 
389 391 8881 8882 1 
481 487 11267 11280 127 
116 121 2661 2683 179 
698 701 15773 15774 1 
51 55 1220 1241 155 
592 597 13591 13603 103 
620 622 14043 14068 199 
24 26 468 469 1 
751 755 16997 17029 109 
334 337 7467 7515 135 
391 392 8975 8978 135 
634 637 14357 14358 1 
579 584 13341 13342 1 
502 505 11631 11632 1 
134 141 3067 3093 150 
554 559 12778 12811 178 
623 627 14135 14179 125 
521 526 12041 12042 1 
53 56 1305 1354 179 
645 647 14582 14612 157 
34 42 918 957 168 
602 605 13682 13717 199 
345 348 7780 7822 115 
151 153 3465 3469 139 
280 283 6253 6257 187 
299 301 6656 6657 1 
701 706 15856 15857 1 
767 771 17299 17300 1 
495 500 11508 11515 175 
662 666 14902 14903 1 
347 352 7861 7911 172 
304 307 6805 6806 1 
279 283 6287 6331 121 
472 476 11028 11067 176 
65 68 1521 1522 1 
268 273 6045 6049 177 
708 713 16021 16055 197 
718 719 16157 16158 1 
816 819 18566 18567 1 
541 543 12424 12425 1 
29 31 617 656 189 
683 684 15389 15390 1 
845 847 19249 19269 164 
686 689 15541 15561 177 
236 242 5266 5309 126 
312 314 6971 6982 160 
796 799 18038 18039 126 
757 761 17160 17161 1 
494 498 11494 11543 104 
86 89 2093 2115 189 
267 272 6021 6022 1 
135 137 3028 3063 110 
835 840 19122 19132 101 
574 579 13242 13243 1 
60 64 1423 1424 1 
824 827 18797 18822 132 
314 319 7044 7045 1 
19 22 357 358 1 
209 215 4698 4721 197 
264 266 5942 5943 1 
639 641 14430 14431 1 
754 757 17086 17087 1 
51 55 1212 1261 106 
428 432 9956 9964 195 
74 78 1779 1780 1 
511 515 11908 11923 167 
314 318 7078 7081 122 
204 208 4550 4570 106 
512 516 11914 11956 151 
71 74 1706 1733 180 
199 204 4417 4433 109 
143 147 3211 3231 124 
476 479 11135 11159 132 
753 756 17051 17079 172 
437 440 10193 10233 122 
834 835 19040 19042 157 
411 415 9537 9538 1 
382 388 8804 8808 101 
736 738 16641 16690 185 
596 602 13635 13641 200 
730 733 16496 16531 173 
71 75 1704 1719 115 
466 469 10883 10902 136 
82 88 2012 2046 198 
662 663 14934 14943 127 
473 478 11061 11062 1 
33 38 803 807 199 
776 778 17483 17529 189 
553 557 12788 12832 179 
170 172 3803 3804 1 
674 680 15253 15276 106 
531 538 12254 12255 1 
235 238 5251 5300 178 
114 117 2601 2634 181 
710 717 16057 16083 192 
696 699 15771 15772 1 
264 266 5957 5988 162 
447 451 10519 10530 188 
193 195 4248 4279 124 
411 415 9563 9588 180 
382 387 8780 8781 1 
528 532 12205 12220 126 
381 382 8734 8759 198 
247 249 5512 5536 183 
782 784 17681 17682 1 
157 162 3531 3532 1 
857 860 19683 19706 17 
364 368 8382 8394 116 
23 26 459 468 142 
283 289 6351 6389 119 
281 288 6313 6346 183 
346 347 7781 7813 199 
329 331 7292 7333 183 
783 786 17716 17742 146 
265 267 5963 5964 1 
223 227 4961 4990 153 
760 765 17164 17165 1 
222 225 4908 4909 1 
835 840 19111 19112 1 
723 725 16303 16304 1 
399 401 9244 9289 100 
715 721 16134 16179 107 
87 92 2071 2110 187 
653 654 14785 14814 182 
25 28 581 629 119 
455 462 10730 10772 165 
825 829 18789 18790 1 
484 493 11339 11388 166 
363 364 8255 8256 1 
730 734 16483 16484 1 
59 62 1349 1350 1 
14 17 322 354 173 
382 387 8777 8778 1 
782 787 17693 17722 142 
675 679 15236 15237 1 
160 164 3595 3604 163 
106 109 2433 2470 122 
454 455 10660 10666 104 
684 686 15456 15457 1 
50 53 1232 1257 185 
601 603 13702 13718 139 
357 360 8120 8121 171 
509 511 11831 11858 123 
507 510 11719 11720 1 
763 766 17263 17300 138 
428 431 9957 9974 175 
551 554 12633 12634 1 
392 397 9082 9083 1 
444 446 10361 10370 117 
351 354 7904 7905 1 
263 264 5885 5886 1 
348 349 7864 7873 152 
658 665 14943 14961 144 
221 222 4824 4847 183 
665 667 14989 14990 1 
513 521 11990 12036 101 
136 138 3030 3031 111 
119 124 2733 2746 188 
365 367 8322 8323 1 
321 322 7137 7163 110 
646 647 14622 14623 148 
685 686 15480 15513 130 
418 421 9711 9722 174 
508 512 11826 11851 100 
764 766 17254 17300 173 
511 514 11903 11923 145 
790 793 17872 17919 159 
471 474 11026 11069 179 
713 715 16080 16102 138 
3 4 63 64 1 
217 223 4850 4851 1 
186 191 4165 4166 1 
149 151 3395 3436 109 
357 358 8123 8130 197 
312 315 6960 6961 1 
234 235 5154 5155 1 
290 296 6503 6547 182 
93 94 2109 2110 1 
833 835 19053 19100 117 
572 575 13202 13250 152 
628 630 14213 14256 136 
102 106 2387 2396 112 
552 554 12694 12740 134 
649 651 14659 14660 1 
311 315 7000 7012 112 
159 163 3595 3596 1 
746 749 16912 16927 160 
107 110 2423 2424 1 
377 381 8660 8685 197 
112 115 2591 2592 1 
38 39 902 915 108 
390 393 8998 9016 112 
87 93 2064 2085 182 
707 710 15995 16003 132 
715 720 16154 16185 151 
278 281 6254 6263 182 
416 418 9608 9634 119 
337 342 7528 7529 1 
407 410 9496 9540 191 
420 421 9676 9677 1 
312 316 6997 7001 111 
365 367 8322 8323 1 
512 513 11922 11954 131 
177 179 3960 4009 193 
616 620 13982 13995 165 
781 783 17630 17678 190 
331 332 7355 7398 168 
665 668 15014 15048 108 
458 461 10743 10753 195 
823 825 18701 18702 1 
359 363 8153 8166 186 
275 279 6170 6171 1 
88 90 2068 2085 120 
820 821 18638 18639 1 
466 467 10873 10910 149 
836 840 19083 19084 1 
273 277 6143 6150 151 
571 576 13174 13198 162 
383 387 8830 8877 166 
36 41 887 890 130 
456 460 10709 10748 100 
271 276 6130 6152 172 
373 376 8496 8497 1 
239 243 5334 5362 159 
609 613 13829 13830 1 
793 797 17932 17933 1 
179 182 4058 4096 190 
478 480 11195 11223 148 
47 52 1139 1140 1 
489 494 11422 11454 154 
3 4 82 111 122 
447 451 10514 10542 178 
582 584 13351 13399 150 
784 790 17799 17829 138 
33 35 825 862 118 
711 717 16117 16157 197 
63 69 1529 1566 100 
247 251 5480 5481 1 
138 142 3142 3168 164 
626 630 14196 14237 105 
407 411 9459 9460 1 
449 452 10499 10505 177 
344 345 7710 7737 194 
209 216 4699 4736 200 
495 501 11491 11508 124 
644 649 14588 14589 1 
358 362 8157 8185 195 
826 832 18868 18869 1 
768 771 17291 17292 1 
614 617 13879 13880 1 
116 119 2675 2685 194 
725 730 16393 16423 175 
115 122 2650 2651 1 
786 792 17790 17835 190 
145 150 3260 3261 1 
625 631 14179 14180 1 
720 724 16257 16285 182 
672 675 15156 15157 1 
160 165 3598 3628 183 
546 551 12610 12614 181 
328 331 7282 7313 196 
655 659 14852 14888 144 
688 690 15522 15523 1 
304 306 6842 6881 133 
296 299 6607 6651 158 
61 66 1441 1463 192 
438 442 10188 10235 116 
225 231 5039 5076 150 
637 641 14420 14468 104 
623 626 14112 14142 160 
53 57 1269 1270 1 
420 421 9709 9745 101 
29 30 627 643 142 
806 808 18276 18282 173 
42 45 983 1021 164 
439 443 10248 10287 131 
331 335 7380 7427 115 
116 122 2680 2727 138 
26 28 505 506 1 
365 369 8342 8343 102 
583 590 13435 13447 166 
566 567 13025 13031 124 
572 574 13170 13171 1 
96 98 2206 2229 151 
280 283 6252 6265 135 
534 536 12264 12278 155 
338 342 7503 7504 1 
249 253 5548 5549 1 
825 829 18818 18857 142 
261 262 5830 5874 148 
294 298 6565 6566 1 
20 23 360 386 145 
128 133 2899 2928 103 
635 638 14359 14399 191 
132 134 2951 2985 113 
595 598 13548 13564 168 
518 523 12046 12055 171 
738 743 16753 16773 116 
113 117 2553 2554 1 
500 502 11543 11544 1 
453 457 10649 10658 144 
561 563 12947 12956 173 
16 18 311 355 184 
102 107 2373 2411 149 
553 557 12763 12764 1 
794 796 17922 17923 1 
116 122 2666 2669 143 
661 663 14948 14993 184 
568 573 13095 13119 135 
278 281 6244 6281 171 
647 651 14686 14733 116 
797 799 17992 17993 1 
574 580 13238 13239 1 
420 422 9712 9719 153 
384 386 8830 8851 190 
365 367 8347 8384 197 
595 599 13514 13515 1 
641 645 14523 14535 184 
404 406 9401 9422 123 
237 241 5247 5282 152 
691 696 15691 15692 1 
262 265 5888 5889 1 
623 627 14124 14147 135 
200 203 4460 4506 102 
618 621 14045 14046 1 
820 821 18646 18679 195 
397 399 9180 9212 182 
247 250 5495 5512 113 
357 359 8120 8132 144 
598 602 13595 13614 196 
624 629 14232 14239 156 
532 535 12281 12283 162 
255 257 5563 5564 1 
647 653 14711 14749 107 
648 652 14666 14704 178 
485 489 11357 11387 150 
675 677 15235 15236 1 
735 737 16644 16645 1 
675 680 15228 15229 1 
712 715 16070 16071 1 
825 828 18822 18827 191 
212 216 4659 4660 1 
489 496 11432 11459 116 
571 577 13189 13202 155 
477 482 11210 11215 119 
532 537 12255 12256 1 
664 669 14994 15008 107 
724 725 16315 16332 125 
368 372 8423 8466 151 
319 325 7141 7145 147 
133 134 2978 3021 177 
735 737 16678 16707 187 
602 607 13690 13731 180 
107 110 2449 2477 163 
752 756 17065 17076 142 
601 607 13724 13740 162 
32 37 798 809 194 
37 41 870 906 158 
619 623 14031 14032 1 
223 226 4952 4965 120 
53 57 1292 1304 142 
693 696 15721 15765 142 
135 139 3022 3034 104 
664 668 14978 14979 1 
773 776 17344 17345 1 
315 317 7045 7054 189 
407 411 9465 9466 1 
816 819 18591 18631 149 
88 91 2051 2052 1 
627 629 14223 14246 171 
146 149 3283 3290 198 
683 684 15428 15445 135 
107 110 2461 2469 140 
562 565 12908 12909 1 
621 624 14148 14191 133 
248 251 5506 5519 182 
298 301 6641 6642 1 
557 560 12856 12857 1 
588 594 13467 13468 1 
97 105 2296 2340 156 
346 347 7776 7823 192 
834 835 19030 19048 166 
457 462 10696 10697 1 
116 120 2667 2694 136 
422 423 9793 9826 125 
390 394 8987 8988 1 
811 812 18408 18415 181 
543 544 12520 12521 1 
86 92 2060 2061 1 
39 46 930 931 1 
234 236 5181 5199 142 
113 116 2558 2559 1 
526 529 12081 12082 1 
251 254 5580 5629 167 
630 634 14285 14299 125 
54 57 1283 1315 146 
542 544 12523 12528 136 
0 2 29 34 153 
847 849 19372 19389 173 
581 584 13324 13325 1 
108 112 2505 2506 1 
185 190 4187 4196 127 
233 237 5156 5157 1 
390 393 9016 9061 126 
782 788 17716 17728 121 
8 16 181 182 1 
128 133 2882 2883 1 
426 430 9848 9849 1 
554 557 12792 12814 137 
397 399 9192 9210 158 
685 687 15452 15479 173 
621 624 14110 14111 1 
539 540 12383 12397 144 
257 261 5753 5756 132 
798 801 18102 18139 131 
737 742 16745 16747 144 
430 431 9949 9995 149 
789 793 17840 17841 1 
714 720 16155 16195 196 
324 329 7195 7196 1 
661 666 14914 14915 1 
335 336 7469 7519 138 
299 300 6685 6696 181 
612 615 13846 13847 1 
641 644 14500 14501 1 
315 317 7069 7118 129 
227 228 5032 5058 100 
169 171 3745 3746 1 
314 321 7059 7071 155 
472 475 11008 11009 1 
381 383 8739 8772 175 
737 742 16738 16769 146 
155 159 3549 3568 181 
607 608 13748 13749 1 
57 61 1322 1323 1 
849 850 19395 19396 1 
633 638 14331 14332 1 
689 695 15605 15642 161 
347 350 7851 7852 1 
127 132 2875 2877 164 
70 74 1732 1751 106 
380 383 8729 8739 173 
421 425 9790 9836 145 
47 50 1153 1168 162 
199 203 4404 4446 186 
701 704 15860 15861 1 
195 199 4352 4380 175 
305 309 6816 6818 184 
623 628 14125 14172 152 
15 19 312 345 169 
786 792 17753 17754 1 
496 501 11467 11468 1 
456 463 10726 10741 121 
755 760 17079 17102 156 
789 794 17868 17884 154 
767 774 17341 17358 189 
80 82 1911 1912 1 
536 541 12368 12410 124 
563 567 13010 13011 1 
337 339 7543 7567 113 
649 653 14686 14732 130 
224 225 4936 4937 1 
604 610 13766 13788 183 
208 213 4610 4659 108 
760 764 17178 17223 183 
627 630 14188 14189 1 
380 383 8757 8801 177 
110 114 2513 2548 167 
602 603 13652 13653 1 
220 223 4862 4874 118 
338 340 7525 7556 160 
26 29 533 538 102 
622 625 14116 14155 146 
709 711 16036 16079 108 
830 833 18940 18941 1 
541 543 12427 12428 1 
149 151 3364 3365 1 
801 807 18198 18212 167 
564 569 13018 13057 170 
221 223 4802 4803 1 
570 572 13111 13159 168 
525 528 12113 12114 1 
698 702 15812 15854 157 
100 105 2264 2268 197 
832 834 18969 18983 122 
327 330 7292 7336 193 
357 360 8103 8140 154 
97 104 2287 2321 180 
453 455 10652 10654 110 
674 678 15268 15285 186 
602 606 13679 13707 190 
6 9 173 222 146 
845 846 19266 19290 171 
157 162 3544 3588 112 
234 237 5147 5148 1 
740 744 16785 16801 191 
236 242 5248 5284 102 
812 816 18461 18462 1 
472 475 11044 11069 128 
95 98 2188 2236 151 
276 279 6178 6179 1 
30 32 678 723 140 
427 430 9877 9893 124 
775 777 17499 17528 180 
735 737 16671 16676 156 
801 806 18202 18211 158 
314 317 7055 7101 141 
365 366 8321 8322 1 
480 485 11245 11246 1 
103 107 2356 2364 188 
418 422 9692 9693 1 
754 757 17102 17150 172 
754 757 17113 17149 159 
434 437 10118 10166 154 
562 563 12911 12912 1 
472 476 11003 11004 1 
740 746 16796 16823 188 
510 512 11778 11779 1 
509 512 11821 11851 108 
26 29 497 498 1 
60 64 1450 1474 174 
413 420 9652 9657 153 
715 719 16137 16174 135 
650 656 14767 14802 108 
191 195 4257 4280 100 
808 810 18341 18348 120 
540 542 12444 12460 160 
731 732 16509 16550 174 
386 390 8909 8950 101 
156 159 3500 3501 1 
177 179 3943 3944 1 
571 574 13185 13208 165 
531 535 12292 12298 164 
24 25 498 535 175 
536 541 12369 12413 140 
798 803 18101 18146 179 
491 496 11382 11383 1 
615 616 13941 13950 154 
39 44 973 981 128 
197 200 4362 4395 143 
158 165 3624 3646 177 
758 763 17121 17161 115 
172 175 3895 3914 100 
678 683 15345 15352 107 
62 65 1465 1511 137 
322 327 7174 7175 1 
206 212 4611 4647 173 
480 488 11262 11269 103 
731 732 16503 16532 146 
749 752 16988 16989 1 
108 111 2539 2564 150 
853 858 19591 19625 165 
686 690 15555 15605 133 
6 10 169 218 191 
551 553 12658 12690 156 
229 234 5094 5108 173 
66 69 1527 1562 151 
81 85 1959 1994 125 
369 373 8443 8466 105 
87 89 2057 2058 1 
655 662 14827 14828 1 
685 686 15446 15447 1 
373 375 8523 8534 134 
640 644 14510 14511 1 
622 628 14123 14131 180 
267 272 6052 6086 175 
448 451 10506 10541 138 
706 708 15930 15931 1 
729 730 16382 16383 1 
693 696 15723 15762 119 
641 646 14497 14498 1 
590 595 13455 13456 1 
116 122 2670 2709 172 
723 729 16333 16370 153 
180 183 4062 4063 179 
641 645 14511 14517 118 
159 166 3588 3589 1 
133 135 2950 2955 146 
331 334 7341 7342 1 
503 506 11672 11703 176 
530 539 12231 12232 1 
397 400 9177 9212 184 
748 754 17022 17071 165 
475 477 11076 11077 1 
494 501 11480 11481 1 
80 82 1931 1959 190 
429 432 9955 10004 124 
189 197 4276 4281 131 
477 481 11207 11220 115 
407 410 9459 9460 1 
313 316 6948 6985 124 
696 700 15771 15772 1 
395 398 9076 9124 198 
827 832 18864 18898 114 
224 225 4947 4985 189 
623 626 14134 14161 189 
133 134 2937 2938 1 
466 468 10879 10881 124 
411 412 9574 9579 170 
171 172 3838 3874 122 
310 313 6900 6906 166 
578 580 13243 13283 154 
169 171 3739 3740 1 
198 204 4444 4461 118 
316 319 7024 7025 1 
465 468 10872 10873 1 
458 462 10739 10775 199 
191 194 4276 4286 183 
607 611 13745 13746 1 
722 725 16355 16358 104 
72 79 1787 1823 168 
676 681 15307 15337 120 
560 566 12915 12924 112 
403 405 9305 9306 1 
840 844 19166 19205 199 
544 549 12581 12629 196 
464 467 10894 10916 112 
783 784 17701 17750 102 
178 181 4032 4066 177 
226 228 5005 5006 1 
834 837 19035 19078 108 
838 844 19223 19241 180 
591 595 13498 13507 100 
421 424 9785 9827 151 
174 176 3904 3909 136 
381 384 8733 8754 102 
411 413 9569 9571 155 
820 823 18652 18686 161 
602 607 13672 13720 145 
780 782 17641 17668 179 
151 155 3476 3521 198 
406 411 9469 9495 139 
131 136 2975 2982 107 
372 374 8495 8545 125 
710 716 16069 16109 153 
97 103 2307 2336 147 
272 275 6131 6156 111 
726 731 16433 16471 152 
363 364 8294 8335 182 
139 143 3062 3105 126 
630 634 14301 14317 140 
463 466 10807 10839 194 
453 455 10645 10695 121 
129 132 2883 2884 1 
156 162 3534 3544 145 
719 723 16237 16258 158 
825 826 18817 18863 188 
605 608 13769 13803 136 
551 553 12636 12637 1 
56 61 1369 1370 1 
357 359 8086 8087 1 
201 206 4533 4565 200 
696 702 15793 15807 167 
72 77 1792 1834 158 
446 447 10398 10399 1 
640 646 14527 14539 148 
42 45 1000 1045 122 
831 833 18939 18952 159 
162 166 3630 3652 162 
397 399 9158 9159 1 
565 569 13006 13023 101 
752 758 17060 17091 112 
262 265 5897 5924 180 
498 502 11577 11622 173 
561 563 12964 12973 137 
782 787 17710 17736 166 
117 118 2653 2654 1 
59 60 1379 1412 168 
511 517 11870 11871 1 
333 338 7465 7498 106 
493 495 11432 11464 152 
358 363 8141 8142 1 
624 629 14204 14205 1 
759 762 17166 17182 130 
431 434 10003 10004 1 
602 605 13691 13733 124 
420 422 9682 9683 1 
275 280 6169 6170 1 
134 137 3071 3119 139 
30 32 673 674 1 
443 446 10308 10309 1 
365 366 8327 8328 1 
831 833 18931 18958 100 
298 303 6641 6642 1 
862 863 19823 19832 1 
70 72 1705 1706 1 
811 812 18393 18394 1 
835 840 19114 19115 1 
683 685 15383 15384 1 
603 611 13780 13787 173 
656 662 14845 14887 167 
161 163 3604 3619 133 
410 412 9551 9552 1 
678 683 15347 15353 144 
175 178 3934 3955 111 
305 306 6803 6842 157 
415 420 9626 9644 187 
462 466 10816 10849 148 
577 580 13269 13291 139 
111 115 2598 2616 127 
193 195 4262 4300 124 
572 576 13182 13192 146 
528 533 12193 12201 118 
15 17 304 325 190 
71 72 1702 1725 150 
98 102 2256 2264 173 
732 736 16598 16607 149 
438 442 10194 10224 111 
505 510 11744 11762 135 
449 451 10464 10465 1 
572 574 13188 13231 109 
2 4 71 94 131 
813 815 18493 18540 148 
233 236 5193 5195 198 
707 710 15997 16037 132 
713 718 16091 16111 100 
533 538 12273 12309 126 
213 216 4703 4744 110 
178 184 4000 4001 1 
87 90 2083 2085 161 
178 182 4019 4032 189 
62 66 1453 1499 110 
70 74 1719 1730 177 
41 43 962 994 101 
343 345 7685 7686 1 
471 476 11039 11057 159 
227 232 5020 5067 127 
243 247 5403 5415 155 
265 270 5982 6006 189 
199 201 4417 4453 169 
3 5 78 121 124 
839 842 19215 19263 119 
623 625 14120 14140 116 
355 357 8009 8017 200 
232 233 5083 5084 1 
422 426 9805 9815 179 
379 380 8649 8673 102 
227 232 5019 5038 137 
304 306 6832 6859 113 
144 150 3235 3236 104 
206 209 4590 4591 1 
838 843 19206 19239 140 
415 419 9599 9600 1 
570 572 13088 13133 185 
251 252 5598 5607 198 
284 287 6372 6411 197 
809 810 18358 18391 133 
662 666 14932 14975 146 
87 91 2073 2098 100 
745 750 16910 16911 1 
467 471 10959 11005 148 
375 379 8611 8615 123 
387 390 8913 8951 153 
694 698 15727 15754 150 
807 809 18281 18308 115 
479 480 11168 11169 1 
816 820 18611 18623 193 
685 687 15473 15503 185 
782 784 17704 17723 135 
298 301 6635 6636 1 
502 507 11661 11706 109 
661 665 14939 14970 105 
575 579 13265 13266 1 
543 546 12514 12515 1 
426 428 9872 9913 125 
579 583 13349 13361 103 
488 491 11336 11337 1 
769 770 17308 17339 197 
344 346 7702 7734 158 
328 331 7279 7322 144 
393 398 9076 9077 1 
466 469 10864 10865 1 
32 38 790 801 117 
188 191 4166 4167 1 
229 233 5081 5102 199 
312 316 6989 7016 188 
86 89 2084 2110 174 
143 148 3225 3269 160 
213 214 4695 4740 177 
531 539 12266 12311 107 
225 228 5031 5038 108 
848 850 19391 19392 1 
236 239 5264 5293 156 
558 561 12854 12872 147 
68 71 1588 1589 1 
787 792 17795 17812 120 
348 349 7833 7834 1 
775 777 17491 17537 122 
591 594 13518 13527 182 
700 703 15875 15893 170 
561 566 12951 12972 182 
840 842 19189 19215 160 
284 288 6371 6406 132 
286 290 6409 6431 190 
664 671 14999 15028 184 
555 560 12820 12821 1 
41 44 940 941 1 
458 463 10723 10767 100 
641 644 14496 14497 1 
53 58 1283 1324 117 
179 182 4053 4056 188 
245 247 5402 5403 1 
854 859 19609 19618 189 
244 248 5384 5385 1 
794 797 17933 17979 178 
750 755 16960 16961 1 
237 239 5240 5241 1 
287 290 6418 6419 1 
850 852 19506 19534 149 
25 27 573 584 178 
347 351 7861 7893 147 
682 684 15364 15365 1 
467 472 10922 10923 1 
447 452 10513 10538 137 
4 8 161 170 194 
503 506 11696 11733 112 
42 43 984 1019 118 
589 595 13492 13500 187 
840 841 19182 19190 150 
496 499 11501 11538 140 
798 803 18128 18176 149 
495 498 11479 11480 1 
399 402 9218 9219 1 
800 804 18131 18154 144 
235 241 5271 5314 110 
221 222 4816 4834 129 
476 478 11131 11151 160 
196 198 4379 4416 173 
4 9 156 157 178 
69 71 1639 1673 108 
554 556 12763 12771 197 
149 151 3359 3360 1 
287 292 6452 6494 140 
546 551 12575 12576 1 
516 519 12004 12016 185 
808 810 18313 18314 1 
287 292 6457 6472 140 
216 217 4794 4802 118 
256 258 5763 5767 138 
122 125 2777 2785 125 
657 661 14870 14900 159 
256 259 5762 5767 125 
363 365 8283 8316 190 
123 127 2826 2831 159 
695 697 15715 15721 151 
633 637 14368 14371 153 
543 547 12534 12535 159 
207 213 4620 4643 115 
654 658 14857 14906 195 
323 328 7215 7245 104 
344 346 7692 7693 1 
721 722 16235 16266 170 
112 117 2626 2638 182 
685 686 15468 15509 107 
757 762 17187 17237 143 
636 639 14348 14367 120 
572 577 13193 13243 138 
573 578 13157 13171 151 
299 302 6683 6694 171 
285 288 6298 6299 1 
454 457 10667 10681 149 
631 636 14282 14299 177 
153 158 3544 3567 145 
656 660 14822 14823 1 
277 279 6171 6172 1 
491 496 11407 11411 129 
530 538 12260 12280 185 
782 787 17712 17748 115 
603 612 13754 13755 1 
562 563 12939 12988 198 
409 410 9496 9519 193 
405 406 9395 9441 165 
368 370 8402 8403 1 
553 558 12783 12813 198 
850 855 19507 19539 199 
481 486 11252 11272 196 
778 779 17551 17552 1 
543 548 12557 12578 129 
487 491 11336 11355 153 
154 162 3540 3578 159 
17 22 382 387 138 
229 234 5099 5130 169 
579 586 13367 13392 128 
374 379 8565 8578 135 
530 537 12262 12297 129 
527 532 12184 12185 1 
518 525 12035 12036 1 
834 835 19046 19064 185 
743 744 16857 16861 115 
689 693 15617 15652 187 
709 713 16018 16019 1 
663 668 15037 15061 123 
764 766 17249 17294 148 
65 69 1551 1594 173 
676 681 15313 15344 176 
380 383 8741 8777 143 
362 364 8209 8210 1 
149 151 3378 3423 154 
256 258 5728 5729 1 
602 606 13682 13709 108 
560 565 12910 12934 170 
179 182 4018 4019 1 
570 572 13081 13082 1 
183 187 4088 4135 161 
478 480 11211 11228 122 
629 633 14290 14319 143 
535 540 12350 12381 119 
533 536 12301 12338 106 
172 177 3879 3880 1 
588 592 13509 13525 192 
612 613 13854 13868 103 
318 325 7153 7177 144 
247 250 5507 5509 189 
849 850 19434 19478 180 
585 591 13429 13461 133 
450 453 10578 10614 177 
176 178 3952 3953 1 
545 550 12611 12659 181 
264 267 5983 5998 134 
606 609 13751 13792 119 
847 848 19346 19347 1 
317 324 7145 7165 173 
744 750 16904 16944 121 
194 199 4333 4334 1 
336 340 7527 7528 1 
755 759 17046 17047 1 
16 18 299 317 191 
97 103 2282 2300 192 
553 559 12771 12772 1 
242 243 5321 5322 1 
185 189 4179 4202 131 
809 811 18353 18379 175 
291 294 6479 6480 1 
60 66 1451 1468 193 
552 553 12710 12758 154 
422 424 9802 9844 125 
622 628 14094 14095 1 
853 858 19570 19592 102 
846 848 19310 19353 151 
103 106 2386 2395 169 
338 340 7540 7583 140 
687 689 15525 15526 1 
709 712 16041 16060 157 
639 641 14472 14488 117 
840 845 19184 19198 122 
129 131 2913 2926 115 
135 141 3050 3096 132 
848 850 19390 19391 1 
81 82 1936 1979 178 
109 111 2494 2495 1 
65 67 1552 1558 109 
377 381 8625 8626 1 
443 445 10334 10338 167 
356 360 8076 8112 136 
783 788 17692 17693 1 
249 254 5580 5630 173 
241 246 5338 5348 193 
207 213 4621 4640 196 
412 417 9613 9614 1 
816 819 18570 18571 1 
675 678 15257 15306 112 
768 772 17322 17332 161 
363 364 8257 8258 1 
305 307 6807 6856 200 
834 837 19006 19007 1 
621 626 14151 14169 199 
414 419 9631 9640 154 
30 32 702 741 133 
179 184 4048 4086 172 
834 836 19036 19064 150 
700 704 15851 15855 187 
324 327 7195 7196 1 
590 594 13473 13499 130 
504 508 11759 11779 170 
534 537 12247 12263 115 
600 604 13668 13677 158 
305 310 6809 6827 188 
465 470 10865 10866 1 
577 582 13288 13291 136 
460 464 10797 10803 153 
701 703 15870 15915 159 
230 233 5077 5078 1 
714 719 16157 16161 187 
382 389 8796 8814 175 
732 736 16574 16600 103 
117 119 2678 2705 120 
836 838 19104 19117 192 
267 273 6033 6050 172 
216 217 4755 4756 1 
119 123 2716 2717 1 
353 357 8024 8035 102 
517 521 11962 11988 167 
806 809 18263 18310 128 
521 524 12061 12075 107 
383 385 8837 8841 172 
688 690 15525 15526 1 
657 661 14876 14878 149 
793 796 17965 17994 108 
765 766 17193 17194 1 
464 470 10878 10908 180 
277 280 6179 6215 197 
651 657 14782 14792 100 
839 842 19226 19273 165 
651 654 14769 14770 1 
235 240 5240 5241 1 
269 271 6055 6103 136 
422 423 9793 9818 196 
627 629 14202 14235 183 
674 677 15245 15252 152 
44 48 1044 1067 158 
283 289 6351 6363 155 
227 228 5032 5064 183 
108 112 2528 2561 121 
183 188 4087 4129 174 
342 344 7625 7631 188 
55 56 1310 1336 171 
806 809 18245 18246 1 
198 204 4430 4431 1 
593 596 13574 13598 112 
206 211 4607 4654 194 
35 39 883 890 183 
226 232 5005 5006 1 
515 518 11975 12014 167 
583 589 13428 13461 138 
315 321 7058 7083 183 
27 31 594 595 1 
687 690 15546 15589 132 
106 109 2420 2453 156 
411 412 9538 9539 1 
851 855 19494 19503 170 
244 247 5419 5467 162 
208 211 4593 4605 116 
777 781 17542 17543 1 
251 253 5582 5627 165 
229 233 5101 5143 162 
308 311 6867 6884 173 
821 825 18751 18754 181 
391 395 8968 8972 173 
0 3 23 57 145 
774 776 17373 17374 1 
0 2 -7 -6 1 
767 774 17309 17310 1 
542 546 12526 12529 190 
136 140 3036 3046 179 
836 840 19107 19142 116 
519 525 12063 12106 144 
778 779 17546 17547 1 
754 759 17114 17141 162 
445 449 10390 10437 114 
232 234 5113 5141 167 
602 606 13682 13718 189 
443 446 10339 10363 115 
731 733 16519 16531 108 
474 478 11114 11163 108 
170 173 3838 3847 111 
479 481 11180 11204 174 
1 5 108 119 182 
199 203 4416 4437 189 
188 190 4180 4225 100 
106 109 2404 2405 1 
696 699 15795 15843 117 
615 616 13941 13954 125 
361 365 8239 8240 1 
48 50 1130 1174 173 
593 599 13535 13536 1 
783 785 17725 17740 134 
298 300 6663 6674 160 
30 33 690 716 152 
641 642 14513 14516 193 
257 258 5733 5769 124 
798 801 18084 18085 1 
157 161 3555 3579 146 
121 125 2733 2734 1 
399 403 9220 9221 1 
278 285 6238 6253 176 
383 386 8810 8811 1 
422 426 9778 9786 146 
257 259 5755 5777 173 
469 472 10911 10912 1 
567 571 13098 13147 154 
205 206 4508 4509 1 
453 458 10657 10697 101 
566 569 12982 12983 1 
400 403 9224 9225 1 
458 460 10722 10731 191 
330 334 7376 7418 180 
447 450 10495 10530 118 
275 279 6197 6242 195 
249 254 5585 5626 111 
629 632 14312 14327 150 
494 499 11509 11526 190 
245 248 5420 5457 167 
30 33 666 667 1 
400 403 9225 9226 1 
738 743 16765 16792 191 
33 37 823 848 112 
457 459 10723 10752 168 
675 676 15243 15258 193 
40 44 987 1018 106 
138 142 3117 3118 1 
465 468 10902 10920 182 
237 240 5251 5271 175 
835 838 19137 19183 169 
669 672 15076 15098 162 
823 824 18724 18761 104 
398 400 9177 9219 110 
775 777 17461 17462 1 
391 394 8960 9000 161 
818 823 18664 18692 146 
137 143 3163 3167 179 
222 225 4907 4908 1 
315 321 7051 7101 122 
652 657 14776 14785 140 
345 348 7806 7825 119 
702 705 15892 15939 154 
416 419 9615 9630 174 
297 298 6589 6627 173 
17 23 369 370 1 
250 252 5547 5564 197 
798 802 18086 18087 1 
568 573 13093 13114 145 
840 841 19149 19150 1 
33 36 796 797 1 
487 492 11342 11373 197 
805 807 18111 18112 1 
298 303 6676 6683 198 
848 851 19402 19417 172 
509 511 11831 11838 166 
230 233 5096 5128 155 
463 464 10779 10780 1 
483 484 11236 11237 1 
666 670 15008 15052 103 
224 225 4934 4935 1 
108 112 2545 2554 120 
792 794 17871 17884 137 
83 87 2008 2031 161 
208 211 4606 4616 199 
528 533 12202 12252 182 
74 76 1801 1833 102 
843 847 19283 19332 185 
543 546 12532 12557 128 
848 851 19415 19445 171 
523 529 12149 12150 107 
690 692 15635 15685 161 
32 34 785 821 135 
549 553 12686 12692 184 
4 9 131 132 1 
312 314 6988 7008 135 
816 819 18603 18642 194 
199 204 4428 4463 192 
502 505 11634 11635 1 
527 531 12197 12200 136 
648 652 14655 14682 107 
712 714 16092 16095 163 
20 23 387 435 152 
811 813 18433 18469 113 
241 245 5340 5390 161 
519 525 12065 12087 168 
284 287 6374 6393 150 
556 560 12852 12853 1 
465 467 10881 10885 149 
290 296 6517 6562 150 
322 329 7197 7237 149 
258 262 5805 5806 1 
430 433 9930 9931 1 
580 587 13340 13366 124 
765 769 17202 17239 183 
169 171 3757 3798 143 
466 468 10880 10928 120 
556 561 12873 12920 128 
721 723 16200 16201 1 
421 424 9790 9809 118 
594 599 13554 13563 200 
713 718 16105 16143 141 
692 698 15724 15762 155 
239 244 5324 5359 131 
125 128 2806 2831 148 
219 223 4802 4803 1 
812 817 18482 18502 136 
11 13 265 272 155 
286 291 6427 6461 111 
512 515 11923 11925 159 
497 502 11558 11559 1 
352 355 7926 7927 1 
83 86 2033 2055 140 
639 641 14430 14431 1 
628 629 14203 14207 100 
158 163 3628 3675 101 
673 675 15180 15185 132 
166 169 3673 3707 191 
90 96 2112 2131 191 
168 170 3759 3760 1 
384 385 8843 8872 176 
162 165 3615 3649 186 
591 592 13501 13549 177 
569 573 13101 13134 149 
373 375 8527 8576 120 
854 856 19599 19629 109 
310 313 6866 6867 1 
375 378 8626 8641 140 
248 249 5485 5528 143 
525 529 12112 12113 1 
663 667 15037 15038 178 
781 783 17643 17663 140 
763 767 17249 17294 100 
592 596 13584 13600 136 
532 535 12290 12330 119 
596 600 13637 13640 186 
733 735 16567 16616 130 
106 110 2411 2412 1 
527 532 12214 12238 119 
450 454 10562 10582 110 
73 79 1816 1826 188 
311 315 6970 6971 1 
62 65 1466 1488 139 
859 860 19668 19697 54 
102 107 2348 2349 1 
711 716 16086 16087 1 
195 200 4319 4320 1 
543 547 12548 12592 123 
274 275 6119 6120 1 
595 597 13538 13563 191 
271 276 6134 6167 185 
51 53 1225 1238 196 
707 710 15995 16010 167 
215 219 4741 4747 108 
322 329 7210 7219 149 
427 428 9864 9889 198 
564 569 13029 13058 128 
97 105 2282 2305 135 
70 74 1733 1741 140 
660 666 14926 14928 172 
320 324 7171 7184 130 
648 652 14656 14674 142 
189 196 4251 4252 1 
435 437 10116 10127 105 
737 742 16751 16798 194 
310 312 6910 6949 125 
265 269 5988 6030 200 
155 158 3549 3569 171 
743 747 16845 16878 126 
498 502 11571 11609 170 
458 459 10725 10737 121 
123 128 2831 2877 194 
861 862 19785 19786 1 
721 723 16201 16202 1 
225 231 5029 5047 111 
374 378 8582 8610 199 
482 485 11303 11330 125 
405 407 9381 9382 1 
777 779 17561 17601 184 
633 637 14350 14382 107 
400 403 9250 9280 169 
386 391 8884 8885 1 
652 655 14776 14780 142 
91 94 2157 2177 180 
744 748 16894 16895 1 
529 531 12189 12193 142 
480 484 11272 11274 179 
337 340 7554 7600 196 
788 790 17758 17807 179 
847 848 19341 19342 1 
730 732 16509 16543 112 
250 253 5536 5581 200 
216 219 4766 4793 127 
218 222 4860 4898 115 
388 390 8939 8978 170 
576 581 13268 13315 106 
633 637 14339 14340 1 
721 722 16233 16244 152 
199 201 4429 4473 134 
742 744 16807 16808 1 
599 601 13616 13648 135 
319 324 7141 7167 191 
663 671 15038 15074 152 
695 696 15675 15676 1 
48 52 1108 1109 1 
454 456 10654 10675 106 
529 534 12187 12219 174 
330 333 7380 7418 153 
700 706 15858 15898 177 
673 675 15162 15186 125 
449 452 10465 10466 1 
622 624 14107 14124 183 
138 143 3114 3115 1 
304 310 6809 6810 1 
753 759 17066 17114 108 
5 9 160 192 164 
411 412 9560 9580 176 
179 184 4059 4090 124 
736 738 16621 16622 1 
488 490 11352 11359 103 
627 629 14193 14194 1 
602 607 13681 13720 165 
66 68 1542 1577 136 
472 473 11044 11056 200 
702 705 15903 15920 155 
708 712 16035 16061 112 
593 596 13540 13541 1 
698 701 15803 15848 192 
405 408 9411 9428 198 
397 399 9182 9187 128 
270 272 6081 6108 152 
747 749 16905 16946 197 
711 718 16124 16131 147 
631 635 14273 14274 1 
251 254 5588 5589 198 
814 815 18496 18524 200 
151 156 3477 3481 162 
254 256 5645 5646 1 
357 360 8124 8171 105 
724 728 16331 16378 117 
447 451 10480 10481 1 
200 202 4436 4484 104 
74 76 1793 1840 156 
600 606 13665 13681 108 
572 577 13197 13241 147 
738 740 16734 16735 1 
226 232 5027 5070 151 
52 55 1176 1177 1 
797 798 17989 17990 1 
257 259 5746 5792 135 
239 243 5314 5315 1 
80 82 1942 1980 200 
780 783 17598 17599 1 
68 70 1583 1584 1 
502 505 11668 11686 186 
160 163 3592 3604 169 
312 314 6956 6957 1 
439 443 10234 10239 130 
151 153 3484 3488 138 
412 418 9631 9669 138 
397 399 9167 9168 1 
509 511 11808 11809 1 
691 696 15718 15756 179 
111 117 2610 2639 100 
774 775 17374 17375 1 
169 171 3766 3792 195 
782 786 17691 17714 178 
224 225 4948 4997 198 
357 359 8080 8081 1 
292 294 6515 6537 143 
796 799 18019 18021 143 
468 472 10974 10997 139 
383 387 8847 8874 152 
689 692 15634 15641 161 
123 127 2820 2833 139 
230 234 5073 5074 1 
254 256 5669 5700 116 
435 438 10096 10126 102 
291 294 6521 6535 121 
706 707 15949 15953 116 
144 149 3257 3277 111 
64 68 1520 1521 1 
785 789 17751 17752 1 
86 93 2092 2095 132 
449 451 10471 10472 1 
433 436 10034 10054 125 
81 84 1960 1983 186 
109 112 2514 2523 144 
570 572 13081 13082 1 
69 70 1641 1690 186 
223 227 4951 4983 129 
379 381 8622 8623 1 
82 87 2012 2018 138 
620 621 14063 14074 119 
776 777 17461 17489 134 
437 442 10207 10210 171 
205 206 4531 4578 115 
370 374 8472 8473 1 
161 164 3587 3588 1 
174 177 3910 3932 188 
834 837 19013 19014 1 
730 734 16511 16548 155 
280 285 6222 6223 1 
622 625 14115 14155 132 
782 785 17674 17675 1 
403 404 9326 9357 197 
0 3 14 44 152 
15 20 304 319 102 
206 210 4608 4653 121 
183 186 4073 4074 1 
663 670 15027 15049 163 
641 642 14534 14566 152 
737 739 16719 16720 1 
651 655 14794 14802 178 
723 725 16326 16367 121 
62 63 1459 1476 144 
331 332 7376 7410 137 
837 840 19106 19107 1 
415 420 9625 9664 100 
320 324 7151 7172 157 
650 654 14764 14808 118 
31 32 740 753 129 
375 377 8596 8608 174 
617 619 13994 14023 114 
601 603 13725 13748 179 
170 172 3839 3842 196 
515 520 11976 11996 158 
87 91 2064 2114 184 
784 791 17772 17804 163 
828 831 18902 18908 126 
764 768 17247 17281 115 
806 809 18254 18255 1 
35 42 869 870 1 
290 297 6487 6488 1 
269 274 6067 6110 148 
152 157 3455 3482 189 
359 362 8177 8180 168 
273 277 6132 6157 161 
649 650 14695 14738 113 
722 728 16355 16384 106 
253 256 5668 5718 151 
810 812 18405 18406 1 
4 8 152 160 200 
769 770 17307 17351 109 
434 437 10096 10097 1 
553 558 12797 12814 117 
88 92 2066 2089 142 
642 647 14612 14637 114 
304 309 6823 6827 131 
571 578 13178 13219 141 
257 260 5745 5781 141 
84 87 1997 1998 1 
512 513 11917 11949 128 
620 621 14025 14026 1 
490 495 11426 11446 125 
821 824 18712 18713 1 
583 589 13437 13443 107 
571 575 13155 13156 1 
825 829 18811 18843 173 
583 588 13448 13462 109 
504 510 11749 11756 164 
69 70 1625 1661 185 
852 857 19612 19645 200 
671 673 15084 15085 1 
641 646 14514 14539 158 
31 32 710 711 1 
738 739 16774 16811 103 
793 796 17940 17967 190 
784 791 17789 17813 148 
803 806 18206 18219 175 
436 438 10093 10116 156 
140 142 3096 3116 176 
494 497 11483 11484 1 
737 743 16744 16752 184 
167 168 3678 3679 1 
656 658 14829 14830 1 
528 531 12210 12226 194 
518 522 12049 12085 126 
496 500 11495 11531 110 
284 286 6375 6384 187 
150 152 3351 3352 1 
187 193 4188 4224 126 
848 851 19396 19397 1 
494 499 11518 11558 192 
640 643 14548 14589 140 
488 492 11363 11366 178 
612 613 13844 13845 1 
151 157 3461 3487 147 
440 443 10278 10298 167 
495 500 11479 11480 1 
233 235 5160 5161 1 
750 753 16976 17016 178 
800 801 18108 18145 134 
31 32 742 746 200 
323 327 7224 7251 150 
412 420 9628 9657 178 
54 58 1251 1252 1 
379 380 8638 8639 165 
621 624 14134 14176 128 
84 86 1989 1990 1 
721 722 16230 16244 126 
111 117 2614 2620 194 
159 167 3624 3664 128 
538 541 12322 12323 1 
495 499 11486 11488 131 
74 77 1783 1784 1 
58 62 1371 1385 167 
735 738 16673 16707 183 
589 592 13498 13531 187 
730 734 16510 16513 182 
167 168 3679 3680 1 
400 401 9256 9262 142 
456 460 10694 10695 1 
640 644 14543 14560 142 
834 837 19047 19094 179 
576 581 13255 13273 167 
460 464 10757 10758 1 
421 427 9798 9827 145 
174 176 3907 3946 126 
483 487 11257 11262 175 
271 276 6133 6141 143 
523 529 12125 12126 1 
162 164 3637 3669 101 
11 14 224 225 1 
445 448 10369 10370 1 
275 278 6189 6191 172 
330 333 7363 7412 108 
834 837 19022 19025 148 
818 822 18658 18659 178 
779 783 17661 17675 196 
31 32 727 730 122 
600 605 13690 13699 171 
687 689 15536 15575 148 
367 372 8410 8456 132 
301 305 6737 6740 146 
122 126 2769 2782 124 
25 27 556 584 100 
422 426 9781 9823 198 
326 330 7307 7322 116 
329 331 7311 7312 130 
618 621 14084 14104 106 
503 504 11672 11686 155 
353 357 8027 8074 175 
18 24 410 411 113 
151 153 3484 3521 122 
440 444 10271 10313 143 
572 574 13190 13201 179 
730 734 16497 16505 111 
373 376 8536 8585 177 
713 717 16100 16148 184 
828 832 18869 18870 1 
75 77 1798 1817 173 
114 115 2590 2592 135 
517 520 11947 11995 165 
149 152 3402 3432 103 
539 540 12355 12356 1 
718 719 16155 16156 1 
674 679 15242 15244 134 
390 396 9026 9031 131 
702 705 15901 15908 181 
767 773 17331 17332 127 
235 238 5263 5291 197 
154 159 3533 3541 128 
576 581 13269 13301 123 
23 26 468 490 200 
377 381 8632 8633 1 
337 342 7551 7567 154 
579 583 13342 13343 1 
174 177 3904 3928 178 
250 255 5542 5557 192 
205 206 4526 4555 108 
836 838 19109 19112 154 
145 150 3298 3343 193 
795 800 18008 18009 1 
111 115 2570 2571 1 
794 795 17962 17998 181 
541 543 12444 12474 129 
83 88 1994 1995 1 
579 587 13367 13392 185 
502 505 11648 11654 161 
405 409 9419 9428 123 
257 259 5756 5768 161 
273 275 6138 6146 183 
564 568 12993 12994 1 
548 552 12650 12669 140 
367 370 8431 8456 115 
451 453 10551 10552 1 
503 506 11664 11665 1 
504 508 11758 11763 142 
158 165 3587 3588 1 
573 576 13183 13222 110 
685 688 15468 15515 124 
81 84 1950 1952 130 
706 709 15954 16004 180 
797 799 18006 18043 181 
444 446 10323 10324 1 
107 109 2453 2454 128 
422 425 9787 9814 124 
45 47 1055 1056 1 
393 397 9104 9142 104 
566 567 13017 13036 109 
0 2 11 40 168 
437 440 10189 10207 166 
748 755 16985 16986 1 
206 211 4602 4626 198 
503 504 11681 11687 165 
476 477 11130 11173 166 
319 322 7141 7169 118 
418 421 9684 9685 1 
324 327 7215 7228 198 
437 441 10211 10244 176 
61 63 1420 1449 186 
398 399 9174 9180 183 
198 201 4439 4456 196 
601 604 13716 13723 147 
418 421 9713 9729 129 
348 350 7866 7879 146 
586 588 13437 13452 132 
656 660 14849 14864 146 
507 510 11723 11724 1 
737 739 16752 16791 180 
299 301 6675 6677 111 
744 748 16885 16886 1 
487 491 11351 11370 148 
582 585 13334 13383 103 
621 626 14110 14111 1 
320 324 7136 7137 1 
237 241 5238 5239 1 
18 24 420 456 135 
323 326 7196 7226 163 
280 284 6246 6281 163 
342 343 7608 7620 135 
630 635 14301 14326 184 
0 2 12 21 149 
799 805 18082 18093 173 
436 437 10070 10071 1 
777 779 17586 17605 138 
529 532 12181 12184 138 
525 529 12129 12141 103 
846 849 19330 19360 167 
540 543 12437 12438 1 
799 803 18067 18101 138 
654 662 14862 14884 148 
326 331 7272 7273 1 
80 85 1947 1969 111 
33 34 816 826 192 
691 696 15701 15712 147 
215 217 4762 4775 181 
259 263 5806 5807 1 
431 436 10022 10056 191 
656 661 14841 14842 109 
784 791 17770 17816 101 
287 291 6424 6425 1 
354 357 7987 7988 1 
413 418 9661 9679 137 
654 662 14842 14880 159 
560 566 12918 12940 181 
824 829 18809 18836 200 
674 680 15257 15295 149 
820 821 18670 18705 103 
410 413 9574 9613 129 
368 373 8437 8487 181 
594 599 13565 13587 116 
421 424 9785 9817 106 
184 186 4134 4156 193 
813 815 18479 18480 1 
244 248 5410 5428 179 
302 304 6715 6716 179 
358 363 8140 8141 1 
4 7 171 194 132 
471 474 11038 11064 184 
624 631 14222 14245 184 
689 692 15624 15663 117 
120 123 2707 2708 1 
820 821 18650 18690 193 
829 832 18893 18939 189 
58 61 1345 1346 1 
681 684 15349 15350 1 
390 392 9023 9068 146 
582 586 13323 13324 1 
807 808 18263 18284 196 
602 603 13663 13710 117 
152 154 3441 3442 1 
437 442 10176 10177 1 
74 76 1813 1849 194 
424 430 9859 9860 1 
502 506 11664 11686 174 
18 21 409 417 174 
247 250 5478 5479 1 
89 94 2125 2126 1 
199 202 4409 4444 129 
540 543 12469 12509 153 
720 722 16262 16305 103 
810 814 18434 18453 183 
33 36 820 851 147 
489 494 11427 11473 162 
359 362 8144 8145 1 
240 244 5346 5375 115 
347 349 7853 7854 1 
454 458 10628 10629 1 
723 727 16329 16349 119 
631 634 14298 14326 148 
142 148 3193 3228 166 
647 650 14697 14705 136 
688 690 15542 15581 200 
651 657 14769 14770 1 
806 808 18279 18300 168 
724 725 16315 16341 155 
96 97 2213 2224 120 
270 272 6083 6087 137 
257 261 5725 5726 1 
93 94 2129 2143 158 
578 582 13229 13230 1 
422 423 9802 9816 133 
268 273 6037 6062 159 
241 245 5344 5345 150 
151 155 3457 3461 146 
209 216 4663 4664 1 
33 38 820 826 106 
331 335 7379 7410 116 
753 759 17050 17056 198 
787 791 17803 17810 166 
520 524 12043 12045 118 
78 81 1878 1901 178 
498 503 11577 11589 184 
614 617 13901 13949 170 
334 336 7471 7479 184 
484 492 11324 11368 134 
631 636 14291 14322 172 
336 339 7530 7531 1 
812 816 18492 18497 178 
112 116 2618 2633 183 
348 351 7856 7880 156 
107 110 2439 2467 108 
723 725 16333 16365 189 
431 436 10044 10054 141 
249 255 5551 5552 1 
807 808 18251 18252 1 
478 481 11178 11179 1 
168 171 3783 3814 171 
736 737 16619 16620 1 
741 745 16850 16895 134 
704 709 15941 15988 117 
264 267 5958 6004 164 
512 517 11911 11922 106 
755 760 17077 17082 151 
699 704 15874 15915 184 
553 557 12797 12805 156 
172 177 3899 3917 184 
134 138 3061 3106 149 
769 771 17324 17335 127 
483 488 11275 11294 119 
379 380 8636 8675 118 
587 589 13405 13406 1 
744 750 16912 16942 111 
137 143 3153 3183 154 
658 663 14940 14984 174 
692 696 15698 15699 1 
400 401 9258 9259 121 
798 801 18109 18121 168 
291 294 6505 6516 108 
346 347 7785 7799 199 
375 377 8586 8587 1 
286 290 6410 6433 179 
557 562 12850 12851 1 
124 127 2815 2833 128 
254 256 5672 5702 163 
503 505 11656 11657 1 
124 128 2784 2785 1 
646 647 14631 14665 119 
518 523 12070 12111 116 
478 482 11217 11224 136 
219 224 4800 4801 1 
735 738 16682 16726 171 
389 390 8872 8873 1 
61 63 1430 1440 137 
505 510 11738 11769 156 
505 508 11723 11724 1 
92 94 2131 2132 1 
809 810 18356 18371 158 
57 62 1353 1380 154 
408 411 9458 9476 189 
225 228 5011 5012 1 
644 648 14611 14634 120 
5 11 127 128 1 
391 395 8940 8941 1 
544 550 12572 12573 1 
259 263 5812 5826 170 
336 339 7541 7591 157 
654 660 14861 14869 130 
433 434 10027 10053 133 
727 731 16433 16450 106 
179 184 4059 4067 139 
374 377 8568 8606 145 
394 397 9056 9101 199 
591 594 13519 13524 195 
107 108 2451 2500 140 
169 171 3753 3765 130 
108 114 2521 2563 191 
495 497 11510 11533 104 
46 48 1036 1078 170 
320 325 7160 7180 125 
209 214 4699 4743 150 
220 224 4844 4845 1 
151 157 3471 3495 145 
364 369 8360 8370 187 
19 21 356 357 1 
527 534 12181 12182 1 
290 296 6480 6481 1 
79 81 1876 1911 178 
683 685 15424 15431 135 
209 214 4704 4727 196 
384 389 8835 8867 106 
675 676 15247 15283 115 
672 675 15156 15157 1 
26 27 522 546 191 
631 634 14302 14344 169 
148 150 3282 3283 1 
303 304 6746 6796 111 
35 42 909 916 168 
349 355 7959 7964 171 
236 242 5262 5294 189 
503 505 11683 11718 138 
673 674 15143 15144 1 
32 35 800 836 168 
149 152 3377 3399 199 
8 15 191 202 130 
352 354 7925 7926 1 
437 440 10213 10226 158 
343 345 7717 7760 186 
811 814 18418 18454 127 
583 591 13436 13477 158 
117 120 2652 2653 1 
852 857 19585 19632 107 
131 134 2945 2946 1 
470 471 10959 10974 148 
826 830 18878 18879 1 
794 797 17934 17974 176 
291 297 6504 6513 174 
421 423 9813 9832 107 
350 353 7933 7942 116 
238 246 5337 5363 163 
719 724 16249 16291 158 
582 585 13356 13374 147 
0 3 -8 -7 1 
825 826 18790 18791 1 
782 786 17718 17748 130 
492 494 11418 11457 136 
779 783 17661 17664 138 
808 811 18313 18314 1 
191 194 4249 4250 1 
812 815 18455 18456 1 
393 398 9102 9111 137 
602 604 13676 13681 155 
26 28 521 543 150 
367 373 8414 8439 189 
513 519 11975 11996 158 
306 312 6920 6941 117 
153 159 3560 3583 138 
44 48 1023 1024 1 
583 591 13451 13465 110 
7 16 252 265 187 
527 532 12200 12231 168 
368 371 8433 8442 199 
302 305 6733 6762 153 
844 846 19279 19287 103 
518 526 12051 12055 123 
13 20 309 312 120 
336 341 7552 7565 100 
496 498 11487 11490 195 
54 58 1259 1301 159 
697 699 15731 15732 1 
698 702 15800 15836 149 
143 146 3212 3227 159 
32 34 795 828 101 
783 787 17698 17716 105 
165 168 3709 3724 152 
681 685 15388 15401 108 
458 462 10737 10768 175 
502 506 11643 11677 186 
183 187 4086 4089 192 
611 613 13835 13879 101 
332 337 7454 7474 120 
704 708 15951 15966 175 
722 726 16318 16319 1 
491 495 11385 11386 1 
314 319 7062 7111 122 
688 689 15542 15584 151 
571 574 13159 13160 1 
7 15 242 284 187 
154 158 3535 3553 178 
58 61 1380 1398 181 
551 554 12655 12659 117 
215 221 4729 4730 1 
27 31 590 591 1 
